100
0.0
1.00000000e-02 5.85540039e-01 -1.63640763e+00 -8.17844821e-01 0.00000000e+00 0.00000000e+00 0.00000000e+00
1.00000000e-02 7.07889577e-02 -2.79132433e-01 1.79460373e+00 0.00000000e+00 0.00000000e+00 0.00000000e+00
1.00000000e-02 -1.37166751e-01 6.29945665e-01 -9.77324660e-01 0.00000000e+00 0.00000000e+00 0.00000000e+00
1.00000000e-02 -1.24761635e+00 -6.77376784e-01 9.44189187e-01 0.00000000e+00 0.00000000e+00 0.00000000e+00
1.00000000e-02 1.40867617e+00 9.06737966e-01 1.19761975e-01 0.00000000e+00 0.00000000e+00 0.00000000e+00
1.00000000e-02 -1.23782777e-01 -4.94016906e-01 1.06516682e+00 0.00000000e+00 0.00000000e+00 0.00000000e+00
1.00000000e-02 -3.04471738e-02 2.99237191e-01 3.99361999e-01 0.00000000e+00 0.00000000e+00 0.00000000e+00
1.00000000e-02 6.84518421e-01 -6.70373636e-01 1.34129946e+00 0.00000000e+00 0.00000000e+00 0.00000000e+00
1.00000000e-02 -3.98888282e-01 1.05082738e+00 -1.00762221e+00 0.00000000e+00 0.00000000e+00 0.00000000e+00
1.00000000e-02 -1.13732969e+00 2.24978551e-01 -1.52905066e+00 0.00000000e+00 0.00000000e+00 0.00000000e+00
1.00000000e-02 1.10275807e-01 1.21230019e+00 3.75875390e-01 0.00000000e+00 0.00000000e+00 0.00000000e+00
1.00000000e-02 -1.09766657e+00 -1.67231021e-01 -3.90834057e-01 0.00000000e+00 0.00000000e+00 0.00000000e+00
1.00000000e-02 2.55924509e-02 -1.16911009e+00 -1.09227460e+00 0.00000000e+00 0.00000000e+00 0.00000000e+00
1.00000000e-02 1.03899644e+00 3.61109679e-01 -5.42095089e-01 0.00000000e+00 0.00000000e+00 0.00000000e+00
1.00000000e-02 1.48713831e-01 -9.01875339e-01 6.85266315e-01 0.00000000e+00 0.00000000e+00 0.00000000e+00
1.00000000e-02 -1.54635649e+00 -1.04110260e+00 -6.21167898e-02 0.00000000e+00 0.00000000e+00 0.00000000e+00
1.00000000e-02 -2.78690888e-02 -9.70530993e-01 1.04507273e+00 0.00000000e+00 0.00000000e+00 0.00000000e+00
1.00000000e-02 -8.60977969e-01 1.43542823e+00 5.99959647e-02 0.00000000e+00 0.00000000e+00 0.00000000e+00
1.00000000e-02 -6.87399509e-01 5.81685551e-01 -6.57438681e-01 0.00000000e+00 0.00000000e+00 0.00000000e+00
1.00000000e-02 4.63037915e-01 -4.03428014e-01 -3.23649600e-01 0.00000000e+00 0.00000000e+00 0.00000000e+00
1.00000000e-02 -6.02246316e-02 7.94854558e-01 1.20794936e+00 0.00000000e+00 0.00000000e+00 0.00000000e+00
1.00000000e-02 -2.49281203e-01 3.11513488e-01 1.08148016e+00 0.00000000e+00 0.00000000e+00 0.00000000e+00
1.00000000e-02 1.03973967e+00 1.59033197e+00 6.06630872e-02 0.00000000e+00 0.00000000e+00 0.00000000e+00
1.00000000e-02 2.18998613e-01 1.03913748e+00 -8.24527571e-01 0.00000000e+00 0.00000000e+00 0.00000000e+00
1.00000000e-02 -1.45656514e+00 -1.30022902e+00 2.57045448e-01 0.00000000e+00 0.00000000e+00 0.00000000e+00
1.00000000e-02 7.85819531e-01 8.49109128e-01 1.13111260e+00 0.00000000e+00 0.00000000e+00 0.00000000e+00
1.00000000e-02 8.84337043e-01 -1.34351888e+00 5.91595829e-01 0.00000000e+00 0.00000000e+00 0.00000000e+00
1.00000000e-02 -6.91548055e-01 -5.58438480e-02 -1.75596871e+00 0.00000000e+00 0.00000000e+00 0.00000000e+00
1.00000000e-02 5.19590048e-02 -1.17431908e+00 2.29282558e-01 0.00000000e+00 0.00000000e+00 0.00000000e+00
1.00000000e-02 -3.69307560e-01 6.98419421e-01 4.60450824e-01 0.00000000e+00 0.00000000e+00 0.00000000e+00
1.00000000e-02 -1.24168961e+00 -9.20501180e-01 -1.10341837e+00 0.00000000e+00 0.00000000e+00 0.00000000e+00
1.00000000e-02 -2.07971416e-01 3.00264370e-01 -4.43139380e-02 0.00000000e+00 0.00000000e+00 0.00000000e+00
1.00000000e-02 1.85127088e-01 5.13584537e-01 -4.29371659e-01 0.00000000e+00 0.00000000e+00 0.00000000e+00
1.00000000e-02 -1.22733201e+00 3.71346541e-01 -7.90671090e-01 0.00000000e+00 0.00000000e+00 0.00000000e+00
1.00000000e-02 1.45600177e+00 7.84499860e-03 5.73924211e-02 0.00000000e+00 0.00000000e+00 0.00000000e+00
1.00000000e-02 -1.77347825e+00 4.61442269e-01 5.86693203e-01 0.00000000e+00 0.00000000e+00 0.00000000e+00
1.00000000e-02 -3.73078963e-01 -1.55579392e+00 1.42334461e-01 0.00000000e+00 0.00000000e+00 0.00000000e+00
1.00000000e-02 -1.57063202e+00 1.71898854e-01 1.11089900e+00 0.00000000e+00 0.00000000e+00 0.00000000e+00
1.00000000e-02 1.80537849e+00 1.95414725e-01 -7.90844694e-01 0.00000000e+00 0.00000000e+00 0.00000000e+00
1.00000000e-02 1.39908321e+00 4.81310215e-01 -6.11013970e-01 0.00000000e+00 0.00000000e+00 0.00000000e+00
1.00000000e-02 1.92902476e-01 6.07398931e-01 1.03797509e+00 0.00000000e+00 0.00000000e+00 0.00000000e+00
1.00000000e-02 1.40345518e-01 -4.65450669e-01 -1.51130294e+00 0.00000000e+00 0.00000000e+00 0.00000000e+00
1.00000000e-02 -3.77651162e-01 -1.14551543e+00 -6.62618989e-01 0.00000000e+00 0.00000000e+00 0.00000000e+00
1.00000000e-02 -1.30853490e+00 -5.88542682e-01 5.40210271e-01 0.00000000e+00 0.00000000e+00 0.00000000e+00
1.00000000e-02 -1.11068371e+00 -1.13844409e+00 -3.44724775e-01 0.00000000e+00 0.00000000e+00 0.00000000e+00
1.00000000e-02 9.16454798e-01 -1.00276871e+00 -9.45758209e-01 0.00000000e+00 0.00000000e+00 0.00000000e+00
1.00000000e-02 -1.52555528e-01 -6.02925950e-01 -1.59697521e+00 0.00000000e+00 0.00000000e+00 0.00000000e+00
1.00000000e-02 -5.79763078e-01 9.85318870e-01 6.50958953e-01 0.00000000e+00 0.00000000e+00 0.00000000e+00
1.00000000e-02 1.12343713e-01 8.74902844e-01 -2.09388513e-01 0.00000000e+00 0.00000000e+00 0.00000000e+00
1.00000000e-02 -1.16536343e-01 -6.91639993e-02 1.16449057e+00 0.00000000e+00 0.00000000e+00 0.00000000e+00
1.00000000e-02 -9.22520759e-01 -1.10307230e+00 -5.09884697e-01 0.00000000e+00 0.00000000e+00 0.00000000e+00
1.00000000e-02 7.96633743e-01 1.29643841e+00 9.07196198e-01 0.00000000e+00 0.00000000e+00 0.00000000e+00
1.00000000e-02 -1.44241248e-01 1.04269748e+00 -1.43489504e-01 0.00000000e+00 0.00000000e+00 0.00000000e+00
1.00000000e-02 5.67300980e-01 4.08763121e-01 3.12801621e-01 0.00000000e+00 0.00000000e+00 0.00000000e+00
1.00000000e-02 -3.93036015e-01 1.17305092e+00 -1.06845828e+00 0.00000000e+00 0.00000000e+00 0.00000000e+00
1.00000000e-02 -1.12305939e+00 -2.45559514e-01 2.62276965e-01 0.00000000e+00 0.00000000e+00 0.00000000e+00
1.00000000e-02 -2.73722091e-01 1.43712402e-01 -9.77304961e-01 0.00000000e+00 0.00000000e+00 0.00000000e+00
1.00000000e-02 5.32498400e-01 1.48739671e+00 6.37522072e-01 0.00000000e+00 0.00000000e+00 0.00000000e+00
1.00000000e-02 3.47008078e-01 -3.13042492e-01 -1.37330310e+00 0.00000000e+00 0.00000000e+00 0.00000000e+00
1.00000000e-02 -9.79801996e-01 -6.01630288e-01 1.22380126e-01 0.00000000e+00 0.00000000e+00 0.00000000e+00
1.00000000e-02 3.63524196e-01 7.21206471e-01 -1.21915830e+00 0.00000000e+00 0.00000000e+00 0.00000000e+00
1.00000000e-02 2.22354436e-01 -1.09543501e+00 -1.31208919e+00 0.00000000e+00 0.00000000e+00 0.00000000e+00
1.00000000e-02 -6.42578508e-02 -7.85496859e-02 1.74796169e-01 0.00000000e+00 0.00000000e+00 0.00000000e+00
1.00000000e-02 -3.46552672e-01 -1.59013131e-01 1.18535712e+00 0.00000000e+00 0.00000000e+00 0.00000000e+00
1.00000000e-02 2.24789921e-01 -2.87236943e-01 -1.66395880e+00 0.00000000e+00 0.00000000e+00 0.00000000e+00
1.00000000e-02 9.67196014e-01 8.90801571e-01 -1.44418970e-01 0.00000000e+00 0.00000000e+00 0.00000000e+00
1.00000000e-02 -9.45121750e-01 -1.45171469e+00 -7.00467422e-01 0.00000000e+00 0.00000000e+00 0.00000000e+00
1.00000000e-02 -1.07472256e+00 -2.96984056e-01 -5.53211229e-01 0.00000000e+00 0.00000000e+00 0.00000000e+00
1.00000000e-02 -1.20003337e+00 6.46901522e-01 -3.78390734e-01 0.00000000e+00 0.00000000e+00 0.00000000e+00
1.00000000e-02 2.46656765e-01 -1.73167917e+00 9.46929611e-01 0.00000000e+00 0.00000000e+00 0.00000000e+00
1.00000000e-02 -5.70658978e-02 4.56090010e-01 -1.06573439e+00 0.00000000e+00 0.00000000e+00 0.00000000e+00
1.00000000e-02 -4.19801968e-01 -6.25683526e-01 3.89916572e-01 0.00000000e+00 0.00000000e+00 0.00000000e+00
1.00000000e-02 3.56876330e-01 -3.86733426e-01 -1.67167341e+00 0.00000000e+00 0.00000000e+00 0.00000000e+00
1.00000000e-02 -4.02985791e-01 -1.18244019e+00 -1.01612428e+00 0.00000000e+00 0.00000000e+00 0.00000000e+00
1.00000000e-02 -7.39475830e-02 -1.06746089e-02 1.56226840e-01 0.00000000e+00 0.00000000e+00 0.00000000e+00
1.00000000e-02 -3.81396724e-01 4.90288303e-01 1.61067733e-01 0.00000000e+00 0.00000000e+00 0.00000000e+00
1.00000000e-02 1.17574353e+00 6.10863032e-01 1.22176327e+00 0.00000000e+00 0.00000000e+00 0.00000000e+00
1.00000000e-02 1.20147971e+00 -5.87676121e-01 5.06670528e-01 0.00000000e+00 0.00000000e+00 0.00000000e+00
1.00000000e-02 5.06245170e-01 5.96318206e-01 4.91352019e-01 0.00000000e+00 0.00000000e+00 0.00000000e+00
1.00000000e-02 -3.59321171e-01 -6.98892743e-01 1.50894645e+00 0.00000000e+00 0.00000000e+00 0.00000000e+00
1.00000000e-02 -5.19169290e-01 9.50948738e-01 1.49973700e+00 0.00000000e+00 0.00000000e+00 0.00000000e+00
1.00000000e-02 -1.72392771e+00 9.23597815e-01 8.40184479e-02 0.00000000e+00 0.00000000e+00 0.00000000e+00
1.00000000e-02 -6.44490803e-01 -1.66401300e+00 -6.63891083e-01 0.00000000e+00 0.00000000e+00 0.00000000e+00
1.00000000e-02 1.21179725e+00 1.14271657e+00 -8.19120443e-01 0.00000000e+00 0.00000000e+00 0.00000000e+00
1.00000000e-02 -5.24675735e-01 5.13011441e-01 5.29519248e-01 0.00000000e+00 0.00000000e+00 0.00000000e+00
1.00000000e-02 -9.44214472e-02 -6.53684072e-01 -4.01645230e-01 0.00000000e+00 0.00000000e+00 0.00000000e+00
1.00000000e-02 -6.49572091e-01 -1.59287852e+00 6.20351378e-01 0.00000000e+00 0.00000000e+00 0.00000000e+00
1.00000000e-02 -5.92199194e-01 1.61314296e+00 -6.55996132e-01 0.00000000e+00 0.00000000e+00 0.00000000e+00
1.00000000e-02 1.25524611e+00 1.32865514e+00 3.17645111e-01 0.00000000e+00 0.00000000e+00 0.00000000e+00
1.00000000e-02 1.08355886e+00 1.01145281e+00 7.02325827e-01 0.00000000e+00 0.00000000e+00 0.00000000e+00
1.00000000e-02 1.31659927e-01 1.17985505e-01 5.55080156e-01 0.00000000e+00 0.00000000e+00 0.00000000e+00
1.00000000e-02 4.74737793e-02 2.87040399e-01 -2.94694808e-01 0.00000000e+00 0.00000000e+00 0.00000000e+00
1.00000000e-02 -5.75746161e-01 1.23009631e+00 -7.12629689e-01 0.00000000e+00 0.00000000e+00 0.00000000e+00
1.00000000e-02 7.36693318e-01 4.61517967e-01 -1.18262571e+00 0.00000000e+00 0.00000000e+00 0.00000000e+00
1.00000000e-02 -1.28485527e+00 -7.72985698e-01 -6.75348740e-01 0.00000000e+00 0.00000000e+00 0.00000000e+00
1.00000000e-02 3.44917135e-01 -1.20961517e+00 -6.62015582e-01 0.00000000e+00 0.00000000e+00 0.00000000e+00
1.00000000e-02 -9.34850558e-01 6.55088447e-01 -7.27011095e-01 0.00000000e+00 0.00000000e+00 0.00000000e+00
1.00000000e-02 -9.65519481e-01 -1.68512148e-01 1.23450316e-02 0.00000000e+00 0.00000000e+00 0.00000000e+00
1.00000000e-02 1.31517212e-01 -7.48997758e-01 1.82646467e+00 0.00000000e+00 0.00000000e+00 0.00000000e+00
1.00000000e-02 -1.93734645e-01 1.65162882e-02 1.49915567e-01 0.00000000e+00 0.00000000e+00 0.00000000e+00
