100
0.0000000000000000e+00
1.0000000000000000e+00 1.5014059436830945e-01 -3.3477985527519455e-01 5.0371494563190400e-01 0.0000000000000000e+00 0.0000000000000000e+00 0.0000000000000000e+00
1.0000000000000000e+00 -7.1750015280550494e-01 2.4879141532550969e-01 4.6512735285658424e-01 0.0000000000000000e+00 0.0000000000000000e+00 0.0000000000000000e+00
1.0000000000000000e+00 3.0123436139503673e-01 6.7816587632398839e-02 -5.3750034566051874e-01 0.0000000000000000e+00 0.0000000000000000e+00 0.0000000000000000e+00
1.0000000000000000e+00 -9.9095450523472607e-03 4.3082453711999996e-01 -3.8234477487013224e-01 0.0000000000000000e+00 0.0000000000000000e+00 0.0000000000000000e+00
1.0000000000000000e+00 5.1317379131006846e-01 2.9111924993195076e-01 -4.8214631888680182e-01 0.0000000000000000e+00 0.0000000000000000e+00 0.0000000000000000e+00
1.0000000000000000e+00 7.2079454213223315e-01 -1.4326411978582781e-01 4.0674259847273853e-01 0.0000000000000000e+00 0.0000000000000000e+00 0.0000000000000000e+00
1.0000000000000000e+00 2.9894921978140770e-01 8.1808560289792998e-01 -4.7707771050191111e-01 0.0000000000000000e+00 0.0000000000000000e+00 0.0000000000000000e+00
1.0000000000000000e+00 1.5220028195648011e-01 3.5134877753542702e-02 -8.7563884598686192e-01 0.0000000000000000e+00 0.0000000000000000e+00 0.0000000000000000e+00
1.0000000000000000e+00 7.2560768368594997e-01 1.0148300624594926e-01 -5.0550071319520856e-02 0.0000000000000000e+00 0.0000000000000000e+00 0.0000000000000000e+00
1.0000000000000000e+00 4.0952832554996893e-01 -5.1588117540452139e-01 5.6955164895892474e-01 0.0000000000000000e+00 0.0000000000000000e+00 0.0000000000000000e+00
1.0000000000000000e+00 6.4665506259276265e-02 3.1026931696024562e-01 8.8611981046934063e-01 0.0000000000000000e+00 0.0000000000000000e+00 0.0000000000000000e+00
1.0000000000000000e+00 -2.3608995448605527e-01 -2.5842799353069840e-01 -1.7302348014041258e-01 0.0000000000000000e+00 0.0000000000000000e+00 0.0000000000000000e+00
1.0000000000000000e+00 -6.0398313058403452e-01 3.5412199239755587e-01 -5.4354150380908454e-02 0.0000000000000000e+00 0.0000000000000000e+00 0.0000000000000000e+00
1.0000000000000000e+00 1.8329315573720015e-01 3.3144112421207633e-01 8.7814686079926629e-01 0.0000000000000000e+00 0.0000000000000000e+00 0.0000000000000000e+00
1.0000000000000000e+00 -8.6811131916170747e-01 -1.5106158679707468e-01 -1.2077389454249489e-01 0.0000000000000000e+00 0.0000000000000000e+00 0.0000000000000000e+00
1.0000000000000000e+00 3.3757772751067566e-01 7.0378942623913443e-01 3.1401906842369286e-02 0.0000000000000000e+00 0.0000000000000000e+00 0.0000000000000000e+00
1.0000000000000000e+00 -5.6152891949018768e-01 1.1226331088743983e-01 -9.4413240336064741e-02 0.0000000000000000e+00 0.0000000000000000e+00 0.0000000000000000e+00
1.0000000000000000e+00 -1.8559899801958632e-01 -6.3161946939866986e-02 -2.3838402251971837e-02 0.0000000000000000e+00 0.0000000000000000e+00 0.0000000000000000e+00
1.0000000000000000e+00 4.9425351210033686e-01 -4.3240897260700428e-01 -5.6616175633794663e-01 0.0000000000000000e+00 0.0000000000000000e+00 0.0000000000000000e+00
1.0000000000000000e+00 -1.6988203495605092e-01 -2.2922518316314347e-01 -7.7635018828408153e-01 0.0000000000000000e+00 0.0000000000000000e+00 0.0000000000000000e+00
1.0000000000000000e+00 -2.9242366408985071e-01 -3.3739032881501047e-01 -4.0632011828069475e-01 0.0000000000000000e+00 0.0000000000000000e+00 0.0000000000000000e+00
1.0000000000000000e+00 -6.6660029488249423e-02 -5.1854951888982947e-01 -5.5290726482004049e-01 0.0000000000000000e+00 0.0000000000000000e+00 0.0000000000000000e+00
1.0000000000000000e+00 -1.6942994695847674e-02 -7.8212110126876799e-01 -1.8918389319971329e-01 0.0000000000000000e+00 0.0000000000000000e+00 0.0000000000000000e+00
1.0000000000000000e+00 -3.6088911386809593e-02 -7.2119745246076405e-01 -5.8641612462110393e-01 0.0000000000000000e+00 0.0000000000000000e+00 0.0000000000000000e+00
1.0000000000000000e+00 3.9955482858465746e-01 3.4921125580514267e-01 7.5282387599978040e-01 0.0000000000000000e+00 0.0000000000000000e+00 0.0000000000000000e+00
1.0000000000000000e+00 5.2841687290980144e-01 3.3654043183969717e-01 -2.6602452636838853e-01 0.0000000000000000e+00 0.0000000000000000e+00 0.0000000000000000e+00
1.0000000000000000e+00 -8.4585259699542470e-01 -4.8130923227505579e-01 1.9184869511082475e-01 0.0000000000000000e+00 0.0000000000000000e+00 0.0000000000000000e+00
1.0000000000000000e+00 6.7436928443626953e-01 -1.2103214978072074e-01 -4.4564476076473064e-01 0.0000000000000000e+00 0.0000000000000000e+00 0.0000000000000000e+00
1.0000000000000000e+00 -8.2386007800274241e-01 3.5929076259511716e-01 9.0152964082757109e-02 0.0000000000000000e+00 0.0000000000000000e+00 0.0000000000000000e+00
1.0000000000000000e+00 -4.0595689795209106e-01 -3.9573462285753058e-01 6.3256858391408755e-01 0.0000000000000000e+00 0.0000000000000000e+00 0.0000000000000000e+00
1.0000000000000000e+00 3.4098886921575217e-01 -4.6408447881868875e-01 4.9669499490477098e-01 0.0000000000000000e+00 0.0000000000000000e+00 0.0000000000000000e+00
1.0000000000000000e+00 6.3696610324073877e-01 -2.5535332581453479e-01 9.6691877679296545e-02 0.0000000000000000e+00 0.0000000000000000e+00 0.0000000000000000e+00
1.0000000000000000e+00 -3.4246190416968436e-01 -3.1789330944371658e-01 -2.4558708668716761e-01 0.0000000000000000e+00 0.0000000000000000e+00 0.0000000000000000e+00
1.0000000000000000e+00 4.7916104856415004e-01 -5.7504114828733743e-01 2.3720803570602234e-01 0.0000000000000000e+00 0.0000000000000000e+00 0.0000000000000000e+00
1.0000000000000000e+00 -3.5101651918183246e-01 8.1455424848314817e-01 4.2939939474789990e-01 0.0000000000000000e+00 0.0000000000000000e+00 0.0000000000000000e+00
1.0000000000000000e+00 6.1567121152140980e-01 -7.1098509672839483e-01 -1.1628801177800371e-01 0.0000000000000000e+00 0.0000000000000000e+00 0.0000000000000000e+00
1.0000000000000000e+00 -2.0337217302047664e-01 2.9701856031935259e-01 7.3756990585446836e-01 0.0000000000000000e+00 0.0000000000000000e+00 0.0000000000000000e+00
1.0000000000000000e+00 -5.1925123872902201e-01 -7.8281857481864192e-01 -2.6220087826923494e-01 0.0000000000000000e+00 0.0000000000000000e+00 0.0000000000000000e+00
1.0000000000000000e+00 -3.3594728341512148e-01 4.0337760836839059e-01 -3.1717368899257065e-01 0.0000000000000000e+00 0.0000000000000000e+00 0.0000000000000000e+00
1.0000000000000000e+00 -9.0383625912540275e-02 -4.6954814746897811e-01 1.6973171440303014e-01 0.0000000000000000e+00 0.0000000000000000e+00 0.0000000000000000e+00
1.0000000000000000e+00 -2.1977117862745052e-01 -4.8560015262655942e-01 4.5340100329425914e-01 0.0000000000000000e+00 0.0000000000000000e+00 0.0000000000000000e+00
1.0000000000000000e+00 3.8826068242643624e-01 1.3067322187322794e-01 -1.3511247521078523e-01 0.0000000000000000e+00 0.0000000000000000e+00 0.0000000000000000e+00
1.0000000000000000e+00 -1.0265752024426365e-01 -4.6313131808635233e-01 -7.4323266477257455e-01 0.0000000000000000e+00 0.0000000000000000e+00 0.0000000000000000e+00
1.0000000000000000e+00 5.9949071008953891e-01 5.5012829232322924e-01 3.2276823746248345e-01 0.0000000000000000e+00 0.0000000000000000e+00 0.0000000000000000e+00
1.0000000000000000e+00 -6.5143212361204661e-01 -1.5529190222784867e-02 -5.0467670707191847e-01 0.0000000000000000e+00 0.0000000000000000e+00 0.0000000000000000e+00
1.0000000000000000e+00 -8.2319482642487962e-01 5.1474757875571808e-01 -3.1633898314016709e-02 0.0000000000000000e+00 0.0000000000000000e+00 0.0000000000000000e+00
1.0000000000000000e+00 -1.9114802126024832e-01 -7.0480625269608310e-01 -3.8852438098260039e-01 0.0000000000000000e+00 0.0000000000000000e+00 0.0000000000000000e+00
1.0000000000000000e+00 -3.4275969364595621e-01 3.0441425553400819e-01 4.3029274507096438e-01 0.0000000000000000e+00 0.0000000000000000e+00 0.0000000000000000e+00
1.0000000000000000e+00 7.7853482356796810e-01 -3.9382021654715449e-01 4.3680847732326267e-01 0.0000000000000000e+00 0.0000000000000000e+00 0.0000000000000000e+00
1.0000000000000000e+00 1.2056677248037564e-02 -3.6127225325119958e-02 -8.7287902061444389e-01 0.0000000000000000e+00 0.0000000000000000e+00 0.0000000000000000e+00
1.0000000000000000e+00 6.0344231747514898e-01 4.0940001309556995e-01 -5.3261587693648860e-01 0.0000000000000000e+00 0.0000000000000000e+00 0.0000000000000000e+00
1.0000000000000000e+00 -4.6509484526905587e-01 -4.3497184879683992e-01 -1.0011410937901097e-01 0.0000000000000000e+00 0.0000000000000000e+00 0.0000000000000000e+00
1.0000000000000000e+00 -2.8112419884736906e-01 5.7388560861784277e-01 1.7591337367815502e-01 0.0000000000000000e+00 0.0000000000000000e+00 0.0000000000000000e+00
1.0000000000000000e+00 7.2897858196884457e-01 4.9246029337004410e-01 -7.6569532074680050e-02 0.0000000000000000e+00 0.0000000000000000e+00 0.0000000000000000e+00
1.0000000000000000e+00 -5.1696128411762476e-01 4.4423093505610467e-01 -4.5418648680453716e-01 0.0000000000000000e+00 0.0000000000000000e+00 0.0000000000000000e+00
1.0000000000000000e+00 -4.7741462475770591e-01 2.5141817882649781e-01 -8.0223693360767800e-01 0.0000000000000000e+00 0.0000000000000000e+00 0.0000000000000000e+00
1.0000000000000000e+00 -4.7785435118162262e-01 -4.6260039561661631e-01 6.3165786491992948e-01 0.0000000000000000e+00 0.0000000000000000e+00 0.0000000000000000e+00
1.0000000000000000e+00 3.9909568912903176e-01 3.3578473851735141e-01 5.3181383569149443e-01 0.0000000000000000e+00 0.0000000000000000e+00 0.0000000000000000e+00
1.0000000000000000e+00 1.6530206538749267e-03 -4.8403422418563280e-01 8.2138547225261024e-02 0.0000000000000000e+00 0.0000000000000000e+00 0.0000000000000000e+00
1.0000000000000000e+00 -3.2615087445367813e-01 7.2235029544883234e-01 1.3561509044605433e-01 0.0000000000000000e+00 0.0000000000000000e+00 0.0000000000000000e+00
1.0000000000000000e+00 7.3335541941494622e-02 -6.1393872609439493e-01 -7.5402271225119208e-03 0.0000000000000000e+00 0.0000000000000000e+00 0.0000000000000000e+00
1.0000000000000000e+00 5.1901828648571657e-01 2.4022088220069068e-01 4.9916290852757816e-01 0.0000000000000000e+00 0.0000000000000000e+00 0.0000000000000000e+00
1.0000000000000000e+00 2.1064783440112073e-01 2.3626358980271267e-01 -8.7473003288884665e-01 0.0000000000000000e+00 0.0000000000000000e+00 0.0000000000000000e+00
1.0000000000000000e+00 -3.1387297054719338e-01 -4.3757930932231442e-01 3.5185856189693454e-01 0.0000000000000000e+00 0.0000000000000000e+00 0.0000000000000000e+00
1.0000000000000000e+00 2.4573508878046971e-01 6.1509290634753988e-01 -3.8287398205600831e-01 0.0000000000000000e+00 0.0000000000000000e+00 0.0000000000000000e+00
1.0000000000000000e+00 -2.1350873356934100e-02 9.6052513221578795e-01 -1.7279647109339086e-01 0.0000000000000000e+00 0.0000000000000000e+00 0.0000000000000000e+00
1.0000000000000000e+00 2.4093477215053011e-01 -5.7732834897844067e-02 1.8602706250483605e-01 0.0000000000000000e+00 0.0000000000000000e+00 0.0000000000000000e+00
1.0000000000000000e+00 -6.0143858955797347e-01 -2.0158413417913207e-01 -2.4597817576255027e-02 0.0000000000000000e+00 0.0000000000000000e+00 0.0000000000000000e+00
1.0000000000000000e+00 2.2700148883987836e-01 -6.2702409708101647e-01 1.1279984700904373e-01 0.0000000000000000e+00 0.0000000000000000e+00 0.0000000000000000e+00
1.0000000000000000e+00 8.0764154802155552e-01 5.7222370333568262e-01 5.9166294913229514e-02 0.0000000000000000e+00 0.0000000000000000e+00 0.0000000000000000e+00
1.0000000000000000e+00 -4.9315565831622755e-02 -1.4839321633329086e-01 2.4346631132183796e-01 0.0000000000000000e+00 0.0000000000000000e+00 0.0000000000000000e+00
1.0000000000000000e+00 -3.5184239708912246e-01 -8.0438017020743213e-01 4.2672025270436448e-01 0.0000000000000000e+00 0.0000000000000000e+00 0.0000000000000000e+00
1.0000000000000000e+00 4.0883339527274826e-01 7.2382404400469535e-01 3.2057428752054107e-01 0.0000000000000000e+00 0.0000000000000000e+00 0.0000000000000000e+00
1.0000000000000000e+00 1.7646660894750559e-03 -1.5203023770281265e-01 1.8644571496419876e-01 0.0000000000000000e+00 0.0000000000000000e+00 0.0000000000000000e+00
1.0000000000000000e+00 -4.9062200756961560e-01 4.4625758156029885e-02 -3.2270328571174223e-01 0.0000000000000000e+00 0.0000000000000000e+00 0.0000000000000000e+00
1.0000000000000000e+00 8.2650969857513623e-01 -9.6692031773727052e-02 4.7721438724796167e-01 0.0000000000000000e+00 0.0000000000000000e+00 0.0000000000000000e+00
1.0000000000000000e+00 7.0105011011768625e-01 -3.9957177352646665e-02 1.3369999239378830e-01 0.0000000000000000e+00 0.0000000000000000e+00 0.0000000000000000e+00
1.0000000000000000e+00 -5.6970548323765935e-01 -8.3558211306978991e-02 -6.6228953407136082e-01 0.0000000000000000e+00 0.0000000000000000e+00 0.0000000000000000e+00
1.0000000000000000e+00 2.8063425993064389e-01 -3.2654251384245647e-01 -1.0371133053619846e-01 0.0000000000000000e+00 0.0000000000000000e+00 0.0000000000000000e+00
1.0000000000000000e+00 -8.1831190961491673e-01 4.2003796611318095e-01 -2.1939381002358113e-01 0.0000000000000000e+00 0.0000000000000000e+00 0.0000000000000000e+00
1.0000000000000000e+00 -2.0286269862518955e-01 -1.4504034727199960e-01 -1.1946104761546768e-01 0.0000000000000000e+00 0.0000000000000000e+00 0.0000000000000000e+00
1.0000000000000000e+00 -4.2398322304194852e-01 3.1192207544676898e-01 -6.9552412521454643e-01 0.0000000000000000e+00 0.0000000000000000e+00 0.0000000000000000e+00
1.0000000000000000e+00 -6.5088411038634975e-01 -2.6498180603756744e-01 -5.4006633879156252e-01 0.0000000000000000e+00 0.0000000000000000e+00 0.0000000000000000e+00
1.0000000000000000e+00 6.1962591616472318e-01 -1.7461832334814964e-01 4.7137482459324670e-01 0.0000000000000000e+00 0.0000000000000000e+00 0.0000000000000000e+00
1.0000000000000000e+00 2.6009036851062600e-01 1.6982197173272615e-01 4.6087397533833302e-01 0.0000000000000000e+00 0.0000000000000000e+00 0.0000000000000000e+00
1.0000000000000000e+00 -6.1767857316043673e-01 6.1848891132308592e-01 -3.0698088501326520e-01 0.0000000000000000e+00 0.0000000000000000e+00 0.0000000000000000e+00
1.0000000000000000e+00 2.7659505075773844e-01 2.5318300298105188e-02 4.1785141240857399e-01 0.0000000000000000e+00 0.0000000000000000e+00 0.0000000000000000e+00
1.0000000000000000e+00 4.6379680409394630e-01 -4.2865226384492533e-01 1.1838571132658347e-01 0.0000000000000000e+00 0.0000000000000000e+00 0.0000000000000000e+00
1.0000000000000000e+00 -3.7113985865178167e-01 5.6427094269268097e-01 -1.0502680144330513e-01 0.0000000000000000e+00 0.0000000000000000e+00 0.0000000000000000e+00
1.0000000000000000e+00 -2.2414652069007190e-01 4.9440578261101464e-01 6.6223194841008304e-01 0.0000000000000000e+00 0.0000000000000000e+00 0.0000000000000000e+00
1.0000000000000000e+00 4.1261052830362011e-01 3.8725617561063530e-01 5.2898442488310649e-01 0.0000000000000000e+00 0.0000000000000000e+00 0.0000000000000000e+00
1.0000000000000000e+00 3.7872399474840496e-01 9.0476552139222677e-01 4.3782353738825608e-02 0.0000000000000000e+00 0.0000000000000000e+00 0.0000000000000000e+00
1.0000000000000000e+00 3.7237615250205441e-02 -4.4313708703050325e-01 6.9591482437326257e-01 0.0000000000000000e+00 0.0000000000000000e+00 0.0000000000000000e+00
1.0000000000000000e+00 3.5777786045799653e-01 -4.3005103862598743e-01 7.5714430767174501e-01 0.0000000000000000e+00 0.0000000000000000e+00 0.0000000000000000e+00
1.0000000000000000e+00 -3.0030789110319211e-01 7.7868536457859638e-01 4.4604501382308670e-01 0.0000000000000000e+00 0.0000000000000000e+00 0.0000000000000000e+00
1.0000000000000000e+00 -4.6183857626340935e-01 -1.2598589950533967e-01 8.5418258299867644e-01 0.0000000000000000e+00 0.0000000000000000e+00 0.0000000000000000e+00
1.0000000000000000e+00 -1.6870690291145771e-01 4.7165621275084495e-02 8.2454815108630042e-01 0.0000000000000000e+00 0.0000000000000000e+00 0.0000000000000000e+00
1.0000000000000000e+00 1.0553321797532622e-01 -6.5652795645782625e-01 -2.4832471968507450e-01 0.0000000000000000e+00 0.0000000000000000e+00 0.0000000000000000e+00
1.0000000000000000e+00 -5.5682330457478724e-01 2.8818043447600189e-01 -1.3087504399994043e-01 0.0000000000000000e+00 0.0000000000000000e+00 0.0000000000000000e+00
1.0000000000000000e+00 6.7893229334024174e-01 5.2807491375103310e-01 8.6979212344035717e-02 0.0000000000000000e+00 0.0000000000000000e+00 0.0000000000000000e+00
