90
0.0000000000000000e+00
1.0000000000000000e+00 -6.7366152383650968e-01 -6.1922817561548205e-01 1.0783362901089567e-01 0.0000000000000000e+00 0.0000000000000000e+00 0.0000000000000000e+00
1.0000000000000000e+00 -1.4928260097540608e-01 -7.0130351596211449e-01 -2.7657046897149867e-01 0.0000000000000000e+00 0.0000000000000000e+00 0.0000000000000000e+00
1.0000000000000000e+00 2.7232712997160041e-01 6.9720169712462232e-01 -3.0733720206173332e-01 0.0000000000000000e+00 0.0000000000000000e+00 0.0000000000000000e+00
1.0000000000000000e+00 -8.7690316548173386e-02 5.9148101493152994e-01 1.1244992180653963e-01 0.0000000000000000e+00 0.0000000000000000e+00 0.0000000000000000e+00
1.0000000000000000e+00 5.6909185273790974e-01 -5.9429580096092272e-01 5.2189460829883039e-01 0.0000000000000000e+00 0.0000000000000000e+00 0.0000000000000000e+00
1.0000000000000000e+00 5.7617253144517777e-01 -5.9172053749210707e-01 1.8565605296846169e-01 0.0000000000000000e+00 0.0000000000000000e+00 0.0000000000000000e+00
1.0000000000000000e+00 8.1944793355212014e-02 -6.5981380351334296e-01 -4.8889431534766009e-01 0.0000000000000000e+00 0.0000000000000000e+00 0.0000000000000000e+00
1.0000000000000000e+00 6.4457025220310285e-02 2.9730027172304108e-01 -5.3511746490397849e-01 0.0000000000000000e+00 0.0000000000000000e+00 0.0000000000000000e+00
1.0000000000000000e+00 -2.9841808971848566e-01 -5.3788191424670984e-01 4.3073607740211922e-01 0.0000000000000000e+00 0.0000000000000000e+00 0.0000000000000000e+00
1.0000000000000000e+00 3.8697703079591272e-01 -3.3295020170592377e-01 -6.1819756757367221e-02 0.0000000000000000e+00 0.0000000000000000e+00 0.0000000000000000e+00
1.0000000000000000e+00 6.9990818663364179e-02 1.9787027447162365e-02 -1.1314094698574050e-01 0.0000000000000000e+00 0.0000000000000000e+00 0.0000000000000000e+00
1.0000000000000000e+00 -3.5172077043902239e-01 -7.8053685535070461e-01 -3.1538751840088636e-01 0.0000000000000000e+00 0.0000000000000000e+00 0.0000000000000000e+00
1.0000000000000000e+00 -2.7115062227276851e-03 -3.0147508062354905e-01 -6.5015342237270279e-01 0.0000000000000000e+00 0.0000000000000000e+00 0.0000000000000000e+00
1.0000000000000000e+00 -3.5226572042924775e-01 4.1935660728703106e-01 6.1048198718248414e-01 0.0000000000000000e+00 0.0000000000000000e+00 0.0000000000000000e+00
1.0000000000000000e+00 7.3121765178398868e-01 -2.0115902538269329e-01 6.2000515871719686e-01 0.0000000000000000e+00 0.0000000000000000e+00 0.0000000000000000e+00
1.0000000000000000e+00 -2.0478610496089353e-01 2.4849624311008076e-01 8.6267222139874888e-01 0.0000000000000000e+00 0.0000000000000000e+00 0.0000000000000000e+00
1.0000000000000000e+00 -7.3063379017625452e-01 7.1701073471957658e-02 2.5827108834924645e-01 0.0000000000000000e+00 0.0000000000000000e+00 0.0000000000000000e+00
1.0000000000000000e+00 6.0202808906699889e-01 -6.6403997097877188e-01 2.7605261748733462e-01 0.0000000000000000e+00 0.0000000000000000e+00 0.0000000000000000e+00
1.0000000000000000e+00 1.7136387385611412e-01 -4.5145211045043471e-01 3.8173866729581341e-01 0.0000000000000000e+00 0.0000000000000000e+00 0.0000000000000000e+00
1.0000000000000000e+00 6.9222815485332034e-01 5.5402130888013312e-01 1.0888161542159928e-01 0.0000000000000000e+00 0.0000000000000000e+00 0.0000000000000000e+00
1.0000000000000000e+00 -8.8720759184546072e-01 1.3217079398881415e-01 2.7787944785152757e-01 0.0000000000000000e+00 0.0000000000000000e+00 0.0000000000000000e+00
1.0000000000000000e+00 -1.3398289241436298e-01 -1.4073924351419997e-01 -8.9541378000053207e-01 0.0000000000000000e+00 0.0000000000000000e+00 0.0000000000000000e+00
1.0000000000000000e+00 -4.3616331146522197e-01 2.7222852231790384e-01 6.2514405382106153e-01 0.0000000000000000e+00 0.0000000000000000e+00 0.0000000000000000e+00
1.0000000000000000e+00 4.7519499369795465e-01 -4.7494132206418088e-01 3.5572048930571964e-01 0.0000000000000000e+00 0.0000000000000000e+00 0.0000000000000000e+00
1.0000000000000000e+00 -6.6140007379466403e-01 4.6332736538003827e-01 3.0444598133259443e-01 0.0000000000000000e+00 0.0000000000000000e+00 0.0000000000000000e+00
1.0000000000000000e+00 7.3839897312734726e-01 -8.1476995562227053e-02 -2.5646783191586164e-01 0.0000000000000000e+00 0.0000000000000000e+00 0.0000000000000000e+00
1.0000000000000000e+00 4.7263614828594874e-01 -6.6138597921117948e-01 1.2733768178249777e-01 0.0000000000000000e+00 0.0000000000000000e+00 0.0000000000000000e+00
1.0000000000000000e+00 1.0176873376647202e-02 -9.4806587923869878e-01 2.7718524036982589e-01 0.0000000000000000e+00 0.0000000000000000e+00 0.0000000000000000e+00
1.0000000000000000e+00 2.0136321085773315e-01 -6.2562732907713436e-01 3.1768604671912198e-01 0.0000000000000000e+00 0.0000000000000000e+00 0.0000000000000000e+00
1.0000000000000000e+00 -6.1461223650791208e-01 6.6091336314720317e-01 -1.4819707281357228e-01 0.0000000000000000e+00 0.0000000000000000e+00 0.0000000000000000e+00
1.0000000000000000e+00 7.7967947144237670e-01 5.2874171630031164e-02 -1.4489617437044500e-01 0.0000000000000000e+00 0.0000000000000000e+00 0.0000000000000000e+00
1.0000000000000000e+00 2.4869033785178532e-01 -2.7938976559477985e-01 -2.9789363795910556e-01 0.0000000000000000e+00 0.0000000000000000e+00 0.0000000000000000e+00
1.0000000000000000e+00 4.7087710524044973e-01 6.9316035404231513e-01 -1.2040053680180746e-01 0.0000000000000000e+00 0.0000000000000000e+00 0.0000000000000000e+00
1.0000000000000000e+00 6.2611812443818882e-01 6.6510452462607292e-03 1.5056826215807834e-01 0.0000000000000000e+00 0.0000000000000000e+00 0.0000000000000000e+00
1.0000000000000000e+00 4.0712850530517558e-01 -1.7481886778870848e-01 6.2751535901307998e-01 0.0000000000000000e+00 0.0000000000000000e+00 0.0000000000000000e+00
1.0000000000000000e+00 -4.2168132781146994e-01 1.9310647870027567e-01 -7.9373833537261929e-01 0.0000000000000000e+00 0.0000000000000000e+00 0.0000000000000000e+00
1.0000000000000000e+00 -6.6306127047474439e-01 -4.8438917936986242e-01 3.2886176649645227e-01 0.0000000000000000e+00 0.0000000000000000e+00 0.0000000000000000e+00
1.0000000000000000e+00 -9.1248972310878668e-02 -5.0313901583712661e-01 -2.3366213856954393e-01 0.0000000000000000e+00 0.0000000000000000e+00 0.0000000000000000e+00
1.0000000000000000e+00 2.6647139154772270e-01 6.5102973139705678e-01 1.1375531479366538e-01 0.0000000000000000e+00 0.0000000000000000e+00 0.0000000000000000e+00
1.0000000000000000e+00 -5.6639883120617747e-02 1.6171037139614767e-02 -8.5103033897112357e-01 0.0000000000000000e+00 0.0000000000000000e+00 0.0000000000000000e+00
1.0000000000000000e+00 6.0994652276451755e-01 7.2249948788268159e-01 2.9956313526988626e-01 0.0000000000000000e+00 0.0000000000000000e+00 0.0000000000000000e+00
1.0000000000000000e+00 3.8105162879756233e-01 5.7693423186311177e-01 6.2863299060505540e-01 0.0000000000000000e+00 0.0000000000000000e+00 0.0000000000000000e+00
1.0000000000000000e+00 -4.1815675383239925e-01 4.4574325353609373e-01 7.3630465995135161e-02 0.0000000000000000e+00 0.0000000000000000e+00 0.0000000000000000e+00
1.0000000000000000e+00 6.5004172698229379e-01 1.1347526255561190e-01 4.0243036162386508e-01 0.0000000000000000e+00 0.0000000000000000e+00 0.0000000000000000e+00
1.0000000000000000e+00 -1.1343397393555607e-01 -1.5002242775646718e-01 9.3363917280936629e-03 0.0000000000000000e+00 0.0000000000000000e+00 0.0000000000000000e+00
1.0000000000000000e+00 -5.1298439378001093e-01 -7.9140830752484959e-01 8.5998152948355958e-02 0.0000000000000000e+00 0.0000000000000000e+00 0.0000000000000000e+00
1.0000000000000000e+00 3.1584450090939348e-01 -6.0199002604356966e-01 3.1417018001799862e-01 0.0000000000000000e+00 0.0000000000000000e+00 0.0000000000000000e+00
1.0000000000000000e+00 1.3366272686916333e-01 4.4746603841147531e-01 2.9285554931079238e-01 0.0000000000000000e+00 0.0000000000000000e+00 0.0000000000000000e+00
1.0000000000000000e+00 8.2835064755680077e-01 -1.0690128400698819e-01 3.2123998838957257e-01 0.0000000000000000e+00 0.0000000000000000e+00 0.0000000000000000e+00
1.0000000000000000e+00 -4.8391220638263777e-01 4.0059954446986790e-01 3.2830257285988723e-01 0.0000000000000000e+00 0.0000000000000000e+00 0.0000000000000000e+00
1.0000000000000000e+00 4.1800072343506806e-01 -7.3780591162650691e-02 1.4184060577383317e-01 0.0000000000000000e+00 0.0000000000000000e+00 0.0000000000000000e+00
1.0000000000000000e+00 -5.5770473757642369e-01 3.1666541273162802e-01 2.2242572939885623e-02 0.0000000000000000e+00 0.0000000000000000e+00 0.0000000000000000e+00
1.0000000000000000e+00 2.6525013617576132e-01 7.3584721385741203e-01 5.6009518111116707e-01 0.0000000000000000e+00 0.0000000000000000e+00 0.0000000000000000e+00
1.0000000000000000e+00 -4.1945929676269456e-01 4.3559689627754500e-01 -1.9394102210500314e-01 0.0000000000000000e+00 0.0000000000000000e+00 0.0000000000000000e+00
1.0000000000000000e+00 -4.1965018550335059e-01 -5.0254677607802223e-02 8.6434563033779277e-01 0.0000000000000000e+00 0.0000000000000000e+00 0.0000000000000000e+00
1.0000000000000000e+00 2.7456527763798666e-01 7.3177934814656298e-01 1.6513721916708324e-01 0.0000000000000000e+00 0.0000000000000000e+00 0.0000000000000000e+00
1.0000000000000000e+00 -5.1218175365332352e-01 1.5697501102327599e-01 1.6120134967084895e-01 0.0000000000000000e+00 0.0000000000000000e+00 0.0000000000000000e+00
1.0000000000000000e+00 7.0959614978552701e-02 4.6609229359876582e-02 -6.7230547975049881e-01 0.0000000000000000e+00 0.0000000000000000e+00 0.0000000000000000e+00
1.0000000000000000e+00 1.9469015173460261e-01 2.5158635404474683e-01 -8.3734307740160641e-01 0.0000000000000000e+00 0.0000000000000000e+00 0.0000000000000000e+00
1.0000000000000000e+00 -3.7008211024179449e-01 -1.7098917468049671e-01 -3.1092575234980102e-01 0.0000000000000000e+00 0.0000000000000000e+00 0.0000000000000000e+00
1.0000000000000000e+00 2.8411525959148171e-01 1.4262076650823044e-01 6.9911594870420579e-01 0.0000000000000000e+00 0.0000000000000000e+00 0.0000000000000000e+00
1.0000000000000000e+00 1.1141887102667664e-01 2.4236605773921419e-01 -6.3249937476779627e-01 0.0000000000000000e+00 0.0000000000000000e+00 0.0000000000000000e+00
1.0000000000000000e+00 5.8213790002506882e-01 -1.5474947957346694e-01 -6.8492437729274647e-01 0.0000000000000000e+00 0.0000000000000000e+00 0.0000000000000000e+00
1.0000000000000000e+00 6.5987672325847102e-01 1.5485365270686463e-01 3.1633053484162571e-01 0.0000000000000000e+00 0.0000000000000000e+00 0.0000000000000000e+00
1.0000000000000000e+00 7.1472743342075706e-01 -1.9062592930055666e-01 -9.6900508314865519e-03 0.0000000000000000e+00 0.0000000000000000e+00 0.0000000000000000e+00
1.0000000000000000e+00 1.0146419072371463e-01 1.1959985792649248e-01 -7.7963635131639752e-01 0.0000000000000000e+00 0.0000000000000000e+00 0.0000000000000000e+00
1.0000000000000000e+00 -5.7648588126408851e-01 5.5966408226421827e-01 -4.1220650082445298e-01 0.0000000000000000e+00 0.0000000000000000e+00 0.0000000000000000e+00
1.0000000000000000e+00 4.6087393560626255e-01 -3.8153344948689116e-01 -4.2092439571104800e-01 0.0000000000000000e+00 0.0000000000000000e+00 0.0000000000000000e+00
1.0000000000000000e+00 -1.5402749358797616e-01 6.3919576354861396e-01 -5.2161946355862343e-01 0.0000000000000000e+00 0.0000000000000000e+00 0.0000000000000000e+00
1.0000000000000000e+00 -1.6637319693213021e-01 8.4796219984674362e-02 -3.2413461085771339e-01 0.0000000000000000e+00 0.0000000000000000e+00 0.0000000000000000e+00
1.0000000000000000e+00 4.1236835778332298e-01 4.8932721484163688e-01 3.2876296071205996e-01 0.0000000000000000e+00 0.0000000000000000e+00 0.0000000000000000e+00
1.0000000000000000e+00 8.7258628200088340e-01 -1.8537130558377826e-01 -2.6614513471326573e-01 0.0000000000000000e+00 0.0000000000000000e+00 0.0000000000000000e+00
1.0000000000000000e+00 -3.6536556445362650e-01 8.0134084358553426e-01 -2.9579709969484264e-01 0.0000000000000000e+00 0.0000000000000000e+00 0.0000000000000000e+00
1.0000000000000000e+00 -8.9109877077067434e-01 2.3098113316690388e-01 -6.3329889316845064e-02 0.0000000000000000e+00 0.0000000000000000e+00 0.0000000000000000e+00
1.0000000000000000e+00 3.9767122981064223e-01 2.7689052293563848e-01 -7.1414445651326319e-01 0.0000000000000000e+00 0.0000000000000000e+00 0.0000000000000000e+00
1.0000000000000000e+00 3.9532573794613740e-01 -3.0118086496094204e-01 -4.6063273809307326e-01 0.0000000000000000e+00 0.0000000000000000e+00 0.0000000000000000e+00
1.0000000000000000e+00 2.0033158775276239e-01 -4.0364166040342431e-01 -8.4505528474824065e-02 0.0000000000000000e+00 0.0000000000000000e+00 0.0000000000000000e+00
1.0000000000000000e+00 -2.5446537867296898e-01 1.7855557523640195e-01 -4.5726512968595617e-01 0.0000000000000000e+00 0.0000000000000000e+00 0.0000000000000000e+00
1.0000000000000000e+00 -1.7658950277416571e-01 6.4502085222431627e-01 6.8406595141016935e-01 0.0000000000000000e+00 0.0000000000000000e+00 0.0000000000000000e+00
1.0000000000000000e+00 7.6084119641526577e-03 -8.0002041904331700e-01 4.9285274543233965e-01 0.0000000000000000e+00 0.0000000000000000e+00 0.0000000000000000e+00
1.0000000000000000e+00 -5.6803553869346690e-01 6.8958633320267082e-01 -4.1252899900269713e-01 0.0000000000000000e+00 0.0000000000000000e+00 0.0000000000000000e+00
1.0000000000000000e+00 -3.5412252786686353e-02 1.0950185575687112e-01 -2.9536616022579254e-01 0.0000000000000000e+00 0.0000000000000000e+00 0.0000000000000000e+00
1.0000000000000000e+00 5.6999429481671332e-02 5.6059369451741525e-01 4.0106399615510963e-01 0.0000000000000000e+00 0.0000000000000000e+00 0.0000000000000000e+00
1.0000000000000000e+00 1.1600533627234298e-01 5.9404037985519309e-01 4.2270634435874344e-01 0.0000000000000000e+00 0.0000000000000000e+00 0.0000000000000000e+00
1.0000000000000000e+00 -7.5075394192587497e-01 4.1742743799093968e-01 -5.4775850261676813e-02 0.0000000000000000e+00 0.0000000000000000e+00 0.0000000000000000e+00
1.0000000000000000e+00 8.3011942240052483e-01 -4.0801854730393911e-01 -1.3017992204927598e-01 0.0000000000000000e+00 0.0000000000000000e+00 0.0000000000000000e+00
1.0000000000000000e+00 2.1418926528678946e-02 6.5810798784473726e-02 -6.1540472991929629e-01 0.0000000000000000e+00 0.0000000000000000e+00 0.0000000000000000e+00
1.0000000000000000e+00 5.0008904444633784e-01 1.3428701108231989e-02 6.0908203043459419e-01 0.0000000000000000e+00 0.0000000000000000e+00 0.0000000000000000e+00
1.0000000000000000e+00 4.8694952497431532e-01 5.2628393480583646e-01 -4.6045999370660234e-01 0.0000000000000000e+00 0.0000000000000000e+00 0.0000000000000000e+00
1.0000000000000000e+00 -2.6135307611312031e-01 -7.9359736045720775e-01 1.4665313818530445e-01 0.0000000000000000e+00 0.0000000000000000e+00 0.0000000000000000e+00
