80
0.1001064401519593
1 -0.3326121627020613 0.3319795571384667 -1.162534995706568 1.648856721624047 -0.608461722376627 0.3000561385273316
1 -0.8372632306342712 1.074586660390979 0.7077022893315663 -0.7353419884921975 -0.9716789043423568 -2.320361996210058
1 0.1669231444873221 -0.1774447048862127 1.513349468288604 0.3562049290760008 -0.9133189848446804 -1.787937326702375
1 -0.2564581288700266 0.9072534204964379 -0.955137139945797 0.1399695203223019 -1.375302213323379 0.7999303732300547
1 0.04175476541786893 1.216093950968371 1.076451520314644 -0.3123643374394651 -1.504103161017127 -0.8457629198022414
1 0.2475938797655046 -0.6012329872783713 1.312150225205571 0.2706453340662033 1.985768101472243 0.1158576588158713
1 0.7485400091853491 0.2941268262907445 0.7293670782546271 -0.1526840881888247 -0.5204633716323782 -1.595511605719152
1 0.960118375022455 0.5782967681662033 0.3595859580844945 -1.002017670500577 -1.061194970905129 -0.3478232147568203
1 0.6257521943595218 -1.24932652389384 -0.004409002859181416 -0.7086660964963741 2.444220537407523 -0.04491836215930858
1 0.7512179291118394 1.04682244353075 -0.6654482667246622 -0.511677651019021 -1.296116272419415 0.8160227132508135
1 -1.017399199092983 0.4413883158237626 0.310929753236441 1.239277821730886 -0.4166301976702959 0.1527688568787715
1 -0.3096801630358462 -0.62073427212275 -0.7756842870106543 0.5438328835834191 0.7730446416468454 1.126863153223286
1 0.3195441393427467 -0.184720324376839 -1.730241274061925 -0.05166776871978793 -0.03968454756894373 2.303610185293922
1 0.4820186441412261 -0.279858420343829 -1.310003441747009 0.3323405613674238 -0.5168467120049846 1.540321616268071
1 -0.5851784313927204 -0.8176912106137434 -0.2338695682659752 0.8468348618053337 1.815904870454385 -0.06233430663068475
1 1.171863854768782 1.179317839879955 0.01964940398165189 -1.002190007253003 -1.67490345054338 0.2398354538476373
1 -0.2279249407018268 0.5245695678328417 1.448796201418275 0.438172759925541 -0.13215487431283 -1.536018630747338
1 -0.8154390489668354 -0.4659789549066991 -0.3355053391342686 3.126297350286753 1.854985635239065 0.5963264849985642
1 0.2504710063520549 -0.4872655797101911 1.398147403805893 0.3636924926410265 -0.6696136064552537 -2.335724125103445
1 0.7524571575687989 -0.4235478395774169 -1.242546651030681 -0.510202524097733 0.5853348246997986 2.487849903097653
1 -1.399439062309458 -0.3810335643693541 0.08494315633968125 1.633652158230003 0.8632547613676882 -0.1457929856886763
1 0.05218153600993595 0.8394384802739543 1.384255888387613 -0.4598560968559725 -0.849227358463634 -1.451909779931445
1 1.283396826532652 -0.5970222771304116 0.0862504730400895 -1.594651057288647 0.7277751441879365 0.2429568348546556
1 1.633338014171408 -0.04894995406743766 0.1734487206393685 -2.098716998929949 0.02704131106266437 0.2885464917774386
1 1.083938860692252 0.4888469367609207 0.3006923493549066 -0.6734560227961632 -1.431453714777725 -0.2966893162631501
1 -1.181655917985702 0.08788129473384544 0.5890613110144957 1.091282493891691 0.6655211223423361 -1.049296613466534
1 -0.3384045834879274 -1.815863730839185 -0.3396071996592895 0.5286791524586207 1.771562282481073 -0.4463835945912291
1 -0.4408212104593199 0.3544165668211571 0.2868431214333862 0.4686710067890621 -1.053441286900847 -3.106815118561404
1 -0.5325302000600921 0.8324688903366878 0.5001095067688767 -0.2375878600950858 -0.8314826528546606 -0.4526801340284112
1 0.621989670032444 -0.4943140062920889 -0.5710182369109963 -0.424537653111793 0.06279436528290817 0.2916393929857288
1 0.6279883196362384 -0.5630423826075106 1.484182538062277 -0.832813683273296 -0.02894608329208919 -2.097895280665996
1 1.136868413875087 0.1634968557050657 0.4406725242822133 -0.9789972634001342 0.1641788167290174 -0.532321067893692
1 -1.392190135915894 0.6005872224235544 -0.9763692951303995 1.022670155679984 -0.9182589215709904 1.587216436068304
1 -1.513717181282341 0.1330558353046114 1.01827415880144 1.4480289784227 0.2051250090281539 -1.150007641070852
1 1.121635505041328 -0.1813929498242403 -1.349912309979987 -1.723452903027833 -0.2683340552206818 1.878614803928182
1 1.52532353323116 -0.6536236402652602 0.7040824381952102 -2.240342802938926 0.5336933731304564 -1.004767535698723
1 -0.6784800518112285 -1.010340540151671 -0.9243956651055085 1.071460022805394 1.232079706941644 1.197205805943354
1 0.9506019428105161 -0.01167480357449324 -0.3333777249336916 -0.9696639002499388 -0.4730799653737609 0.2782216509288386
1 -1.065330975305797 -1.347342613956265 0.2545239992794979 1.019098311481933 1.125619008849671 -0.256504704243961
1 0.3582571712544825 -1.02782986897641 0.1472979113127844 0.5568575965799828 1.518978760168488 -1.084506990978649
1 0.5923547711496263 -0.8129462272003962 -0.1333648851773306 2.670277710972496 3.45908332096518 3.973676434734245
1 1.232648043965539 -0.7272321129392294 0.6448161893412699 -0.6601402624551715 1.099720997243193 -0.8699192097828594
1 0.8203021656966322 0.773532488792963 -0.02422002886809491 -0.2695853993793155 -1.313914683695957 0.6685466880342454
1 -1.828605322099714 0.2918445460803441 0.2541386070374811 2.071881624059891 -0.2350186956739322 -0.2209329376637911
1 -0.9380662779720778 0.7203000645660499 0.5744843313869421 1.629794363599803 -0.5760236893341901 -0.8168326084446205
1 -1.457913804800244 0.3716544322191208 -0.7730298107592698 1.650649057128542 0.330377300978688 0.3856520218268857
1 1.02987991160735 -0.2373176604020749 0.5604926549803223 -0.5511023051270645 0.4548976655433226 -0.9678539175092722
1 -0.5523310339930506 -0.1298698197650194 -0.324127011766786 0.1352308790349007 -1.000107996133801 0.6145448574505975
1 1.067257720662452 -0.08930404630722723 -0.8966218614912865 -1.496965180372587 -0.6014266621597049 0.3676772147457212
1 1.475064939306085 0.2296494845644445 0.5452111363969535 -2.246851974710937 -0.5583749446739082 -1.149792895713113
1 -0.9177594914339356 0.1510810098625518 -0.9041370241266301 1.000994131991725 -0.06779481783332729 1.159634393162383
1 -1.392704760529136 0.9008857714392754 -0.6079665358957009 1.103869660853056 -1.260494006548586 0.2734410175979047
1 -0.7517212811627743 1.029842516886776 0.770245501844789 2.589947313446499 -2.649637686739926 -0.26917281107803
1 -0.1487624489822888 0.3601948105891924 0.2126855871686415 -0.6297819911610292 -0.6599609074521701 0.1866803352923379
1 1.524194333067222 1.02546234289833 0.4648555777463774 -1.412596245306287 -1.200249734173114 -0.5903667929332443
1 -0.4633562858374246 1.145385515588451 0.3325719412347811 0.02223563461340617 -2.147917968294867 0.4345899764355502
1 0.1663085121470907 1.419483249641891 0.1238429312622601 -0.280646854892724 -1.644755286781415 0.06423619782351446
1 -0.7102922135511494 -0.3723525466212868 -0.3290748615529988 0.1822758005213184 -0.2350709385685799 0.3355400371149105
1 0.2093159741540639 -0.5006871769919404 -0.9804504934180517 0.5228654778184684 0.5364726058515679 0.8999907823407076
1 0.7254950815994679 -0.9119466821115231 -0.9803657772797546 -1.40408368661932 1.285425480342819 0.3463874574401358
1 -0.2073549437839848 -0.4866531784900897 0.08000730480929713 -0.332834924093709 1.150299844103403 -0.4621410024515102
1 0.1710114495467017 0.3623505385013302 0.251984929126561 -1.053565307544245 -0.5614560972746565 -0.385432236222957
1 0.5847174468863077 -1.003307023838732 -1.105173480701645 0.5680621493558018 2.159766810103324 1.956537750270255
1 1.186743870415297 -1.125511761435477 -0.6373811939283121 -1.489434230196015 1.379251774770702 0.4562369297168299
1 -1.146354559734595 0.4264287949304488 1.433660727378655 0.7811333479887399 -0.2213791486133648 -1.436227065352617
1 0.5769915658664505 -0.8277723319656506 -0.1508178242060875 -3.755790442915979 -1.964898485152145 -3.76028717575999
1 -0.1279551857700547 -0.1358224392565908 -1.463666756368782 0.7819374831931692 0.2614729588975498 1.717256903450614
1 -0.1954552307535322 0.3334100055725805 -1.266505523427392 -0.8841702987616642 -0.9116980941471537 2.137050782408719
1 0.8042921092658218 -0.7367656335517886 1.346542323842988 -1.362140178572577 1.308192591089148 -0.9234926655138338
1 -0.8495005053610837 -1.476344708595738 0.896965518944249 0.599850837139813 1.006300319214323 -0.7886511434763822
1 1.208151328890198 0.3457130574056411 -1.128797894365298 -1.270483565884079 -1.137451834982633 0.9945499380572914
1 -0.4467936953022614 0.3116703697649399 0.2141641069426883 1.187614663851277 0.9246652683523681 2.40705175556284
1 -1.393949804993447 0.2604740599371098 0.1339037647354623 1.61563085718956 -0.1440456187893172 0.371423803130695
1 0.5108978382495551 0.7654372074745799 -1.656401071933722 -0.3386988841082187 -0.9355112442757837 1.241062508668982
1 0.874287502158465 -0.4543279879174559 -1.078728439416992 -1.883588605056876 0.6988846795183796 0.1469768800359104
1 -0.7356139235012517 1.478888174622841 -0.5715496955083992 0.4502107205795443 -1.382291544184592 0.5068739827157909
1 -0.09055768581467437 -0.5897545953402965 0.03536428041252015 0.8219798891510488 0.1707415701212452 -0.7805903195653604
1 0.9631112224663362 -1.206930760580062 0.4909704596333329 -0.8138451125883078 1.672465126087559 -0.7637918960930431
1 -0.2545295759038973 -1.676938343929758 -0.6109404226966834 0.1313147581843099 1.227829591860554 1.06732169442525
1 0.01196225000919085 -0.9437629379764142 1.144157689532571 0.6929123504791157 1.481446935819076 -0.8193363678860013
80
0.2001196380938768
1 -0.302759680061251 0.1968478636511694 -0.9459461497673332 0.4070673893106882 -1.635227796277114 3.228395479140405
1 -0.6988143901580361 0.7682228823596702 0.4788277402780335 4.348294280462882 -6.031938769419082 -2.88743611979277
1 0.2931008101864018 -0.3645788299156205 1.247615764955659 4.39969392753752 0.07890180381399832 -0.8566253014619072
1 -0.232913646836543 0.6865250513388453 -0.8278986438677384 0.3526158216945792 -3.152793435914611 1.818753052815863
1 -0.008816487289389109 0.9736335797040993 0.9431173447409804 -0.7333037540901507 -3.503923575686892 -1.868591348267195
1 0.3204968947052702 -0.5330556012269346 1.102237206068639 1.240732930813865 1.047196909135346 -2.338740158488646
1 0.7461451149618492 0.2141505075390935 0.4623250552154005 0.4692500632070804 -1.019131726580326 -4.112346489510667
1 0.8382733483008677 0.3547731275972708 0.3208527960356873 -1.832834228838011 -3.144007180601736 -0.5262116957324345
1 0.4805110456527041 -0.7878954090804029 -0.04744386854983323 0.8997543478840618 7.674598332161927 -7.088308753215162
1 0.6695792863665532 0.8405563399289175 -0.5375285507974066 -1.163705966534943 -2.931904431621272 1.787708374670736
1 -0.8187305006657241 0.3825444460329109 0.3358576181954925 2.806695743532075 -0.7240242186494222 0.3360583449797379
1 -0.2275188142409359 -0.4962613168596859 -0.5883474632188466 1.096777842160068 1.804393309589734 2.814386153833127
1 0.3135816694563944 -0.1933400398183262 -1.358263976810598 -0.03772221122651927 -0.1558973514510495 5.381853386340273
1 0.5695557050457147 -0.325832990215999 -1.085945800781733 -1.567291469569887 2.039409978678578 0.8185570796454382
1 -0.4476648419942624 -0.4991891838123965 -0.2457591551950952 1.985333672537147 5.177475343825979 -0.1724582070295965
1 1.014020799560343 0.9104414372341146 0.05894489370881546 -2.209975277802591 -3.858742070332649 0.579768290287952
1 -0.1557761295900612 0.5129912786490686 1.200867129156553 1.090772445542874 0.0275259895798077 -3.592526349202295
1 -0.5671970822834406 -0.3468364569540548 -0.2612444076772437 4.763866406911116 2.168279837653164 1.367848487881372
1 0.2514278353269841 -0.3305136091030639 1.23524138588163 -2.111803880827753 -1.122840704437185 -5.921946895043993
1 0.5623324640735331 -0.3777860099594166 -0.9982223451578615 -0.05743570866793721 -1.622478705537707 6.322955841366321
1 -1.139416879856344 -0.2411386566266649 0.06451173150811983 3.693049518047714 2.020422760310172 -0.2507611598911956
1 -0.02558219047269774 0.7002473632820739 1.15279526333564 -1.197772963479831 -2.086562045971412 -3.284948795134696
1 1.030096986048862 -0.4792753658879264 0.1293466680626067 -3.582829411557846 1.710830416351658 0.6819909508735947
1 1.285341488063839 -0.03898635103758988 0.2231685242333672 -5.229819351673989 0.2497233020342203 0.7508868917025306
1 0.957458401880566 0.2713994346877173 0.2637417845535432 -1.105352634121622 -4.304400467252764 0.378774840365934
1 -1.001182888667752 0.1991136572554307 0.4132777860121445 2.680345075123173 1.677746688200495 -2.662982918691832
1 -0.2533799103129121 -1.51551209049183 -0.3740307023756419 0.1637246804499065 2.617116539737868 3.124665330580408
1 -0.253178021402386 0.3191733497697971 0.2626277742666503 1.161324180346416 -2.223639237200222 -3.82404390528453
1 -0.592113679653274 0.7281871734075717 0.4585883532816921 -1.248326545717274 -1.425834452395895 1.032232070632532
1 0.5517386349587012 -0.4799288062687612 -0.5377903838476606 -0.9938257406100994 0.2956805920522074 0.1860471701197293
1 0.5432298628003387 -0.5099377330337246 1.210152344090631 -3.470357366288943 3.509579402956961 -1.626870407988448
1 0.9950265893935957 0.2100766620912372 0.3454831130851936 -1.617747634128234 0.8384982861774153 -1.853074506833263
1 -1.175592731459568 0.479293649055469 -0.7589069421861278 3.92349337976946 0.9709943712770772 0.7862867505028983
1 -1.283512531877756 0.1665758724630921 0.8356484040342157 3.267600843513455 0.4879089181552189 -2.586530728749133
1 0.8221968156048539 -0.2330239113028475 -1.027386046904538 -4.731761590084632 -0.8750948438111256 5.117241006511307
1 1.197877758957629 -0.5275694579228897 0.5122523611813142 -1.165711302128324 2.850117908224231 -2.211423048498149
1 -0.5062395894393306 -0.8109213874262996 -0.7327795171722429 2.473693695487976 2.888780855344988 2.738666867631569
1 0.7943989343177164 -0.08924873464175966 -0.2877235231671268 -2.248129460509557 -1.142710256265794 0.6667635606339858
1 -0.9055213542065824 -1.170731626387356 0.2149810410172531 2.233482739108601 2.469614225123852 -0.5442334967411696
1 0.4940688637404993 -0.8135252082388347 -0.03133471796208621 -0.7403159949619018 3.147031178688402 2.942926008455252
1 0.5537997146013766 -0.6779114960091095 -0.03137810901738432 -2.057374151401916 0.1915169314003573 0.1829172477060222
1 1.091608870871873 -0.5848467660334548 0.527125972835593 -5.615696060507457 1.106254499865723 -2.380633879015515
1 0.7818351339372155 0.5543148924400856 0.08710831724991587 -0.4743188630588389 -3.315430380463593 1.655496505947157
1 -1.495282323021657 0.2550987288359558 0.221578269109016 4.79306972987975 -0.5097886082391518 -0.4192693483742744
1 -0.6467825132609377 0.6680394668168074 0.4549528542437145 5.445762295803687 1.030716801735237 -1.225170591051449
1 -1.251160693946791 0.4110713444081756 -0.6713221203391627 2.044393088330572 -1.890874575240538 3.853400859770198
1 0.943758027333532 -0.1590684149281939 0.4043081874786535 -1.198201630847382 1.247628663791301 -2.274995660457413
1 -0.3760255324375386 -0.3200507790454235 -0.2588948019182218 4.291620556473243 -1.111521348357601 0.7700567080410159
1 0.8135047104255122 -0.2003309218200892 -0.8589123069387927 -4.003869879785094 -2.001914503411343 0.08671039367424967
1 1.073220301917629 0.1448183661295557 0.3503666015147526 -6.983984935310589 -0.6402767078552331 -2.990170265814255
1 -0.7592772797096839 0.1382543836122792 -0.72043094280324 2.262923032063036 -0.2042721603695513 2.588037349203497
1 -1.217193463491335 0.6902330070862555 -0.5699008045717082 2.500416126963558 -3.206147981623802 0.4322727887058728
1 -0.5689580004669151 0.7107465129537995 0.5152924523943425 0.8374643133665889 -3.996299699177042 -6.954501969445227
1 -0.3252272567261352 0.2990666683407486 0.2592379429895901 -1.52985939238487 1.121323924656451 1.506832124229921
1 1.298326113789391 0.8335816039996403 0.370314969676216 -3.231140150122453 -2.74334475082742 -1.353965938798833
1 -0.4992949272611725 0.764348255071488 0.4251281893062534 -2.083025187515816 -6.456602859746869 2.09456769674088
1 0.1219339341301639 1.158425926487775 0.1339353778264044 -0.6276549807757709 -3.69762963712001 0.1390601856021454
1 -0.5600783307390682 -0.2340082735279941 -0.2264630535107105 -0.3844030382384905 -0.8310489631539294 1.250705103512221
1 0.3168748916737087 -0.4178084656309843 -0.8418022773368224 1.984285988335862 1.122431213402536 1.87280996504095
1 0.6778156774374781 -0.6340485794829687 -0.7853702193700992 -0.5105841201857203 4.886154857303873 3.183001113186486
1 -0.1521735523619393 -0.3958696496786718 -0.02721815766298699 -1.128123567976827 2.819856529687727 -1.119063477937697
1 -0.0141797789431807 0.2720488581772645 0.1961396344939522 -2.940084870225801 -1.244362905844927 -0.6971099612725478
1 0.4945916254671323 -0.6947425472347085 -0.9311502465492422 -1.594723946943302 4.107533507725842 2.098704591401696
1 0.9460049790944278 -0.9007951730380578 -0.5643923369659427 -3.487917278266383 3.309635463830238 1.037998477349951
1 -1.022008809384571 0.3908251838195123 1.205158826378161 1.768189851353985 -0.5127497483209047 -3.243657275483921
1 0.432191824390099 -0.7636417512404192 -0.1854120211698335 -0.7232037677400955 1.528802870449526 1.655070118664834
1 -0.00596993269236948 -0.09577277692106492 -1.187998181430262 1.716291444534719 0.5365097430358418 3.935102636814329
1 -0.09555216219830615 0.2253764799671867 -1.095256403918865 1.547669023131693 -1.860431544769254 2.305920560429498
1 0.4937540356451282 -0.5685394652905549 1.139217484008019 -3.001963553196105 -0.01632537431262226 -5.211040044704654
1 -0.7558452452128894 -1.318386826665911 0.7737056820426906 1.304232051391996 2.209326643925633 -1.715943478773631
1 0.9996489727403133 0.1590634328078224 -0.969802830518811 -3.076231605433707 -2.738027942049366 2.279177833814458
1 -0.2939437961367921 0.2850344291915176 0.1124175986507897 2.724141321270045 -0.6319108310939923 1.179651707486189
1 -1.132980285390805 0.2366827144765844 0.197720901291646 3.805016469773758 -0.3454468960285474 1.021036385091974
1 0.4577763302698904 0.6172947953205983 -1.459525724377055 -0.7467833153529002 -2.094534249844417 2.788578775966165
1 0.6738464190739799 -0.3385483927404693 -0.8559867664946416 -2.117881166552005 1.218266302421334 3.157856373564284
1 -0.6649850350539683 1.260319626669282 -0.4912736517178012 0.988874084133606 -3.082261929417462 1.133980604094021
1 -0.08166986423088711 -0.4647688047829203 -0.06609383025370624 1.719967082634943 0.3595824546460971 -2.057575692890089
1 0.8333657146590359 -0.9370504034909596 0.3665921017638 -1.840787896490962 3.908205138004434 -1.806260123489003
1 -0.2335998396220252 -1.503137856070858 -0.4794327224295107 1.35150226502346 4.063800049860732 -1.772735737040549
1 0.1284436605220085 -0.7024454835785119 1.020258230077082 1.860448143227369 3.572982321857645 -1.639558314902819
80
0.3000474955594725
1 -0.1473586437323031 -0.01594834107216399 -0.5104148120016984 3.129345924792306 -2.790846125009601 6.447895355107953
1 -0.1493085523929877 0.1807261804126744 0.1651398368722021 4.33628322940082 -14.40770838902554 -13.71475845741653
1 0.1079413826787684 -0.3789220581491884 0.6784629798833304 -6.472522072967028 2.181995541567911 -4.755921033150167
1 -0.1713877078727646 0.2241941157730077 -0.549107322514385 1.158882360732826 -6.735294422527217 4.43001348277064
1 -0.1051139195877097 0.4135057026884889 0.7056117120465849 -1.062202912841368 -8.105487759866538 -3.421963041019543
1 0.3158480388320726 -0.3300592775348186 0.7165436779339627 -2.351689517742604 0.4417469903462029 -11.39637142375926
1 0.7833893132033731 -0.0589810217968198 0.1563073908729629 -6.485055532361062 -5.122589009728259 -1.403199692029042
1 0.7658648056353062 -0.08179420056937291 0.0673733498724841 -4.41825308379435 -3.458305422445741 -0.4724274254640276
1 0.4375087599548622 -0.2114397423101932 -0.3292228267906049 -1.484110697997551 6.098484540890293 -2.344104935822846
1 0.4971262459529533 0.4095175104499124 -0.2873960541066838 -2.571246095119988 -6.396416947943075 3.475676634438112
1 -0.6477173294087295 0.2038216128223726 0.06669333339048482 0.2970567004548354 -3.073443457392117 -2.740750595378556
1 -0.1112684106748524 -0.2006254723232747 -0.2204962511040849 0.6638925138698623 3.852074083786936 -2.364176816562232
1 0.3736302034958129 -0.2938412546667627 -0.4240395855425247 -3.017106731030609 -2.437271622819551 18.4186274926499
1 0.3403509816555326 -0.2885434519069543 -0.4389603543944111 -2.364600633342442 3.157911841350655 9.488407190580416
1 -0.007280900046959254 -0.1350607388004 -0.1136707093105723 6.271723907508644 -0.8864106943388764 -2.181358710665906
1 0.7204627754342263 0.3382315870589407 0.1517222969904739 -3.601301944985535 -8.277103892065561 1.279125093067049
1 -0.1844635053613147 0.4330291075818959 0.6523459394650425 0.8990183838522109 -2.128030844339872 -7.052396414436799
1 -0.03210799373801095 -0.00891761005030076 -0.1670745355155007 5.612000599392391 0.8037753032091123 2.499853061866367
1 0.2893593745161544 -0.3035903493640224 0.7249687092795462 -1.473847549003565 3.218770381228797 -7.448336116594306
1 0.4961368475000288 -0.1460573099460056 -0.4650616317158324 -1.481029917422181 0.2739236383008178 3.315670582944264
1 -0.6040798378710591 0.06703430259268151 0.04914009512070604 7.64036578570672 4.958999269496586 0.2904049044407732
1 -0.02374445182242077 0.5305024422374159 0.6593220696361434 -1.383312048171502 -1.535023044402984 -7.983371024440846
1 0.5338550628756279 -0.2513955978035423 0.2096872470829591 -6.38268852558217 1.896952530265758 -1.637471777319421
1 0.4516538048821982 -0.03945990893811193 0.165141615213894 -7.231756121387323 -0.7308925082212425 -1.952968673858188
1 0.5802259890530274 -0.02979824147158545 0.1497552304936518 -5.048628594833977 -7.318233831102448 -2.053268601651772
1 -0.5891272538020772 0.2508072411657925 0.1284537814568134 8.024153517034708 -2.472090021587 -3.316728090159241
1 -0.175994484128509 -1.094102369523041 -0.1765056419231605 1.34415464784608 6.098369890166296 1.560597743344011
1 -0.1272816779981754 0.03924600592826583 0.2121165643229477 -1.003829497811114 -1.862154780118433 -0.1831855913140406
1 -0.1553138779395421 0.1909217645984003 0.1660866979810595 3.21739206207731 -3.749415805666068 -2.269965366415141
1 0.3614310783458619 -0.1730845372222436 -0.7046184636133588 -6.267037381125492 6.673692445435723 1.088194261527073
1 0.1615337682731541 -0.2863560792456289 0.7435039073899156 -0.6513948677232716 -0.5910890592628971 -9.104708520923312
1 0.5271360479373915 0.01355164740681683 0.1469685865663099 0.6197015040610305 -4.18809702351727 -5.699297093987025
1 -0.7969338660968849 0.4426762864352706 -0.4238085731836699 4.068535265484615 -2.919614575710369 5.721897510845162
1 -0.8049084798635654 0.2373792095269255 0.4612617162629452 6.918644665983538 0.89924499955273 -5.346905997762893
1 0.3826587889062179 -0.2749074718901582 -0.5053588076106398 1.265928818287839 -2.581232307022825 1.51582547140718
1 0.7570446612669627 -0.1792585121423644 0.1746774280489616 -9.071942816073301 5.68057445734024 -5.148518248355328
1 -0.1299299836200393 -0.355889244676899 -0.3201345412994794 5.858235577132995 7.820274689875182 6.574125743866158
1 0.4378228765012983 -0.2838373617494927 -0.2233566313656475 -6.052511477545647 -2.651184667628769 -1.147452234527952
1 -0.5951379466641784 -0.8283578025296156 0.1417408401978078 4.226628394013536 4.642793775195912 -0.9651763765504917
1 0.2853082662984096 -0.3376208248492174 -0.1848490889456299 -0.2205139135690402 7.311767292229095 -4.937326399753521
1 0.2570481760994398 -0.4079271532978477 -0.1950558344706308 -3.625161483051247 6.297664459759204 -0.8813373513620731
1 0.5356251534067563 -0.2979143878044791 0.09584593928722066 -0.6619058820282608 6.121678651974762 -5.420341059188496
1 0.6995372353723011 -0.1639962893683987 0.2168660674926757 -2.482756318625582 -11.24239587528021 -3.283404112211674
1 -0.7756282822351633 0.1958788191820981 0.1754482079566094 10.83529355091943 -0.499146664901344 -0.6891241898167557
1 -0.1545261790205358 0.1985409392126146 0.2056587385403716 0.8544009891139054 -5.936881364602406 -1.499654026222055
1 -0.8327950774564575 0.3355843847050067 -0.3308983802341858 6.722039185244692 -0.19266528916253 2.518597044221371
1 0.653724689997856 0.2226427999002496 0.1406148028104235 -7.221236701343467 3.723029771701114 -3.247729841474325
1 -0.02390036082162655 -0.1895425060456752 -0.1347127316414858 3.799825552645706 5.143610673884334 2.577608443633354
1 0.3027290989087615 -0.2467799162525924 -0.5055169013427506 1.016239588113355 5.800281413520611 8.154904817474771
1 0.5312424664046064 0.06899087438586513 0.06313242944048277 -6.01710334908385 1.137988966040518 -2.72476709836031
1 -0.4130499709179735 0.0964566329194774 -0.3520447291344319 5.327640629870857 -0.8575517347877214 5.199252928339026
1 -0.8072220069341425 0.226086146182457 -0.5094678484579642 6.150375833332622 -4.715537976302521 2.325378518875993
1 -0.4652800274779404 0.0574254198994805 0.3979968122092494 4.536216023687992 -5.088625767391498 -0.8570698613342579
1 -0.2613422274026039 0.304186748114301 0.2076693612408021 1.574765023889588 1.354382766414948 2.004723536316482
1 0.8093222332638589 0.4183732772711865 0.1653581406400684 -7.675176513822743 -6.629238158225724 -3.102088139855722
1 -0.9676637188660763 0.4942524013783938 0.3148277015116351 -2.155341644065945 -4.017829795353265 -2.194230445356133
1 0.02753403476160831 0.6205530424633403 0.1498414152613781 -1.423716674533808 -7.839471796850029 0.1172907851266055
1 0.0009447279836159634 -0.2778802024523612 -0.1978388300824636 10.44482285806439 6.504367041693653 -0.7195668027052314
1 0.549581724699051 -0.3418834856346188 -0.4094952999043075 -4.490783133492378 2.414114911443624 7.538975609086754
1 0.249578012825158 -0.2979330001668604 -0.6052300627607223 -2.479682165767045 0.150481474850289 6.243874527454592
1 -0.1508578659943283 -0.2490613682352643 -0.27923443470583 4.78282332455537 0.5533981252656377 1.587385344271503
1 -0.3847884606688151 0.2941067231277378 0.2230577914238107 0.2777019380896949 -0.7003708185385807 2.551775113218545
1 0.4558594496828399 -0.09435321553662651 -0.3200933708429849 -4.690128278967258 3.245313973659407 8.726734417882257
1 0.4027114954838214 -0.3108102139535194 -0.4310671049844035 -9.436480319381278 12.29512724437842 0.4262965026044441
1 -0.7651352827323035 0.3120766729742057 0.7367956897647735 3.688917287218275 -1.216153997487946 -6.630811253606473
1 0.6408545429217453 -0.2030052336651802 0.004520255387465355 0.5598578182883137 8.104581043153816 1.669146804974889
1 0.217650163774439 -0.05188692702107987 -0.6150422501928203 2.128154055980771 -1.052285794786992 8.119860380154341
1 0.1259594274789357 -0.09959707345538059 -0.675581083388212 4.68010549028 -4.91763263764957 7.69299473082151
1 0.3184011428344899 -0.3165046288434441 0.6952471906902298 2.422305426524979 8.477288614726339 0.05005632495750399
1 -0.5754385945823864 -1.012225053578433 0.538926185993902 2.448444026136487 4.142933241953182 -3.122453574319846
1 0.4672856430853466 -0.2657720389844164 -0.58798994409591 -10.22085990896359 -6.13639019121189 7.761757832555798
1 -0.2500669548249915 0.2539699646082637 0.1043330114524521 1.206958741873625 -1.3221089601266 -0.3282814701091397
1 -0.413186081229206 0.3504694615462001 0.2439618381297483 11.20871445883676 0.7207536789573663 -2.889570010743321
1 0.3521788313541031 0.3213702544412999 -1.058243884827265 -1.450771563166575 -4.03761707622161 5.687950301273994
1 0.3411264667716412 -0.4157469152522454 -0.5844159460957856 -2.984892546010726 0.7395894681501304 3.445485993468412
1 -0.5253660063474965 0.8234189330255995 -0.3309548346394161 1.945342645084277 -6.084219149278004 2.220803495212706
1 -0.240284749092248 -0.1938398523513892 -0.1895177520956167 -3.812301794012804 4.102859759045956 2.397701392205424
1 0.545505271288219 -0.2705750596192277 0.115012338334596 -9.097588507719601 12.18665849808797 -4.160925617162516
1 -0.09264465254269219 -0.9851531474711124 -0.4865712367317599 1.737871229938781 6.833050164928138 1.107221657862103
1 0.6816065347971396 -0.3767550132581458 0.8633613391136776 6.121709181145254 0.8435536460730058 -3.438627517700719
80
0.4000127786280366
1 -0.00654570241686366 0.07594992861896403 0.1991162020322188 -15.25157672244571 -1.611959150040326 0.9289353680414043
1 0.1806686247272929 0.03893133371252413 0.01979513950284346 -13.47410357311204 5.201102322751014 11.33453465356806
1 -0.101111488607237 0.03163444435799242 -0.3488691045370567 6.964903386575751 0.4694238040124046 -12.05133650156746
1 0.6941770295643249 -0.2823961204405208 0.2800787732533344 10.53341568051234 2.771846658917146 6.471645183305235
1 0.2434773782990932 -0.03185483535018816 -0.3684864338026237 10.01274483301437 4.611423251699438 -8.051737312689793
1 -0.04781382878813323 0.05505034824563838 -0.4103098225495607 -7.487719227969552 -0.8149382787679486 -6.120604824637358
1 -0.3778785061906564 0.2278862819459026 -0.3331637227477075 -4.589675257599367 5.169687179981604 2.23881521651537
1 -0.1085062442188815 0.05009338936488636 -0.1085188568545019 -2.569283575208552 -7.673492624321686 7.846822790338309
1 -0.2969770546705824 0.2070487082087696 0.4333841586544266 -11.03411820764216 5.56263410105107 2.121048259647142
1 -0.4206210933300045 -0.3470511962134098 -0.009919827628335478 -8.07153775924083 0.9062584916670099 -0.1259903968338351
1 0.4050463757664873 -0.04143389842554381 0.006602852482059205 14.93292932487036 -1.958609452835613 4.049360681420872
1 0.5127764498258399 0.04584369452369563 0.292930086991501 0.7907458700634424 0.01330312635726939 1.784902331994031
1 -0.09030689567451551 -0.04014220860721481 -0.3146076578450143 -5.733931264554073 -5.724589133584055 -9.37028308939065
1 0.05712359209561411 -0.07912309394057379 -0.1563783994315976 -11.76584980455473 -6.570971469887342 -8.062326261883006
1 -0.1718901961683992 0.04113080748159682 0.1832586415695235 -3.229472985929539 0.3106006535880706 -5.673903368031502
1 -0.1775775650116758 -0.04850643610540406 -0.2732219642184303 3.237328947240783 2.338888447866189 -2.273989082810251
1 0.09414084846574877 -0.3063411123169557 -0.1857108985680421 12.274112244839 -9.808618817402067 -0.3618710251340174
1 0.0008993461225010411 0.08133735080467464 0.09744580298079876 -9.900670380409029 5.202638123290818 1.709534272733883
1 -0.04746744216029325 0.03623759238408877 -0.201895812349431 -3.774939034087116 0.1069230072873035 1.703829229613574
1 -0.05108439946943997 0.02263869992190578 0.2305904853606142 -2.907366695153032 15.28315199762168 -1.180912918076184
1 0.5041180312930953 -0.3683357667867012 -0.01587868458167412 0.6745748662056352 -11.50547313702756 0.3246403359234414
1 0.2375840514124933 -0.146056966783533 -0.177747965636173 12.76425233365053 -4.723451069473044 6.069166002797163
1 -0.02246212641724539 -0.2679842253322329 0.01232038520703056 -0.8073613426892309 0.5371576414447299 7.461987355355485
1 -0.003914296059824044 -0.0220577394394123 0.05345804872469811 -2.616590416487689 6.159677273837095 12.91229213348605
1 -0.2739592121392609 0.136634216896044 -0.1190171239217478 -0.594027188523683 1.391822855828444 6.642328027310613
1 0.2028641686076365 -0.359203504921681 -0.2387176261207436 1.092036079899307 -14.94234062288597 -1.113910767131281
1 0.177910824869189 0.1674350821815091 -0.05860472202842845 10.49637506743013 23.52111421129788 -1.9519624004362
1 0.2104132350487819 -0.1763297216150591 -0.1139860345397265 5.610443129152357 -3.772018763507303 -6.162834781701972
1 0.2948706949420222 0.05923798944108286 -0.04424851607483615 -5.086795450848791 4.562670427185409 11.20952300783344
1 0.008150032338140833 -0.03563513393283298 0.2378171073178516 1.724079413790073 -6.964846387960761 3.077586789528433
1 -0.06233263342102955 0.1704661039446114 -0.381973519731065 -11.94696923975685 1.282310677113146 -3.556831872459353
1 -0.2622831982835805 0.2311345419281153 -0.1499758698759829 -4.353487628335973 13.40205640167428 -1.733905324948769
1 0.3740580371350621 -0.2876931319429225 -0.1236747584433745 8.208493501802915 -12.41660259543635 -9.127040297559521
1 0.2858514462998105 -0.2441320046795233 -0.07734118704538212 0.4409701014825136 -10.9327978655928 3.119328155952573
1 0.1605151442985976 0.1750275736439776 0.3498026377732564 -1.750090268215007 1.590372572625476 2.845763760270097
1 -0.167802009078167 -0.09762384971803217 -0.0786073928547824 4.509510012849761 3.041083039129875 5.931912060571492
1 0.1185688512161966 -0.1015214210713827 -0.110189317642994 -11.83547554558702 7.910460996466406 1.878330834534355
1 0.08480328042431542 0.1488273383310428 0.4353741197254833 4.661434713765046 -2.722085667601887 14.16258903483977
1 0.2750218460736438 -0.06544433733605713 -0.129755671963051 15.36463623175644 7.680918448179346 -4.574007277615421
1 -0.1140001991816894 0.04285019436209515 0.2617666183349981 -3.748866019656215 2.67535698045362 10.83906515229077
1 0.1134139863402222 -0.1953245670400246 0.2659123188769699 -8.451050717656416 -5.819927548201154 2.940234118760139
1 -0.1632807736050541 -0.2116693872949154 0.00096627085534114 -6.880847299741722 -13.10633599792462 7.6411762156587
1 -0.07160160989750862 -0.39917003754501 -0.361393264249308 -10.59252885174282 7.491705396497892 -2.396010310877878
1 0.489105215953398 -0.35026941908934 -0.07236583689551053 3.683636880328008 -8.444284488230517 -2.727543152456867
1 0.1983720072612857 0.04099958944319641 0.01825513925622365 -4.118162699052959 7.612643513526812 6.821439540381716
1 0.2616350199519558 -0.1339538059696476 0.08757964405417235 21.26094180747833 -11.40679103118964 -4.054999963886056
1 0.001265196203172145 -0.1630220046625067 -0.01602387694230742 -0.1062359547093977 12.1097508083516 1.687146379485573
1 -0.1049941493833581 0.04897200977041255 0.06768668520314149 -12.07792772428466 0.7448717846084415 -7.645345018413294
1 -0.2361470646042667 0.1004586889506695 0.0924925906689912 -5.88760649013307 -0.7290626805143839 -4.831816806418816
1 0.0585923109005522 -0.02439486324674681 -0.1216132832574312 0.5615387921567343 11.25970574772171 9.10785552833018
1 0.6794408617482883 0.0007248148354336005 -0.1383520898064037 6.554932147815868 2.560546107025065 -8.750385332342749
1 0.3628738079020427 -0.0004537527449644283 0.04617573794852099 15.30310531174598 6.498848697055943 1.179785376031771
1 0.3252610083577239 0.05291932042370264 -0.3016891697294334 5.074383462880299 3.383605754093197 -10.22469601420904
1 0.2533853201895149 -0.1027602046447752 -0.1939756822265892 7.625707034544106 -5.726341881449079 -7.349644052787871
1 -0.467319561487872 -0.1301772850372913 -0.3475995648719435 -8.024338339789205 3.193514871127362 -1.706444797861078
1 -0.8700500955896338 -0.01299450366585894 0.03205233598155531 4.537928779129951 -5.672612623485483 -3.365842338869732
1 0.01473957355394932 -0.1816470829936096 -0.04185883646053148 7.554947036402718 6.381337468509185 5.351061559397797
1 0.04616621967706178 -0.0734881185025235 0.04237762533704613 -8.048299465918204 -0.882200058316901 0.5551534273040603
1 0.004801139640314287 -0.09063928195801697 0.06376016292082588 8.332943425905604 -9.851908367151756 -5.04240933957738
1 -0.04744117229454963 0.1343061133885044 0.4009082728706495 -0.467194003471717 3.779083420583282 -0.7150826584440675
1 0.5069579432384392 -0.1040879949340779 0.02003787379052647 -4.191907754586627 -5.392901719746085 2.037346005923891
1 0.1809462137775847 -0.1428792682958573 -0.06952885343588851 1.510906429001172 -6.892447255356696 7.407755248379972
1 -0.03791927237378651 -0.01445105486625301 0.04771939136786398 -10.74245267984106 4.140712255613641 -6.603896019977944
1 0.0006830584430591528 -0.1023969328618041 0.3158661787169681 6.696256789944718 -4.937746740336959 7.829255115064534
1 0.003900027844019278 0.01871207829195132 -0.2280514072820198 14.86128074287692 -13.05757504096261 -6.829010701476721
1 -0.1618177879747651 0.0120452100982035 -0.1654963082737702 -12.9410354118406 2.555520167021627 -5.405491012212161
1 -0.007515498039069523 -0.02707578967761224 -0.2095460972840684 -7.80926851326449 -0.5162660076976049 -11.82549629639847
1 -0.1386661464612139 0.2551318250601273 0.3620080613763012 -11.13140014991788 8.172689790637099 -1.210974723319144
1 -0.06101375122453769 0.1308212499839904 -0.4562143272163438 -3.981732450901759 4.06195257176088 -4.06564281163396
1 -0.1556937241440853 -0.3314939941671792 0.06806591402090524 7.995962077717506 12.64989682406943 -7.713496946741179
1 0.03483922397927246 0.2752268979515479 0.1675072582518854 4.986193708503392 1.40215115062196 -3.853045759058386
1 0.2168297649047503 -0.1674125270393894 -0.1081612833651353 9.729160841876002 -16.12826983108732 -6.055214594694782
1 0.1062340138798255 -0.3047868609447181 -0.2229908315591159 -5.943621586448247 2.820636216704697 -5.439583029196857
1 0.04749159101872848 -0.1346344993207428 0.1416482445909895 -6.917195238177581 2.546447061926528 20.17906385880561
1 -0.0910031938211936 0.04032627895129298 0.0648210544458929 0.3570703926851416 -5.330095039906394 1.8385652073634
1 0.09210774566273443 -0.2309119981212538 0.07361973034117732 18.17287470857182 -11.20077887457492 2.240681094618211
1 0.2876602861610974 -0.02116903371519761 0.06938433802028926 6.881059757057265 -12.99113407683214 -3.604864466254241
1 -0.0396451005692921 -0.2013308330674496 -0.08386388284917154 -1.633825274626471 2.160157690930363 -8.669109446377652
1 0.08510497737003773 0.1712566525209084 0.1252568201106549 -4.780499573206265 10.70332529912577 15.29514041403556
1 1.078457464598667 -0.2132977943669553 0.3101347492756349 1.283221901795068 2.297489010449398 -7.1961066310196
80
0.5000023691690153
1 -0.6011601780677432 0.03023026103734115 -0.1912431409549582 2.977709066787709 3.523087179027163 -7.546856025119377
1 -0.5641674887883945 0.2577040458500814 0.4500823388422606 -8.331642000111556 0.5136479044650626 2.145375440183583
1 0.3309527263559779 0.04602639334719246 -0.9639384952809167 3.57916497413772 -0.314591401344091 -2.536562780184117
1 1.45389027486099 0.05127875993399886 0.7051225197346935 5.911952763409587 3.248644507438772 2.936258004632238
1 0.5959081725380593 0.329115430230172 -0.7417290949256596 1.477573730835507 1.383539984591293 -2.058008459828056
1 -0.5915654571948352 -0.09808935717893133 -0.1790186900011392 -0.9201215513447318 5.285857515808827 10.0451531314988
1 -0.3231543532256422 0.2152832342513954 0.1091763573567971 3.411929240726887 -6.113640697483764 3.76364559490991
1 0.4008085301446321 -0.2922530601644271 0.5135388986014972 4.640525569785265 -0.8778003252002639 1.854225115425747
1 -0.9478915379598862 0.5414441673263677 0.2779999937916368 -3.148272128263784 1.497481318614684 -3.658110587232374
1 -0.5505003698055468 0.09302146122240346 -0.1333110304808402 9.445567876073524 2.770423260976137 -2.313064517216153
1 1.217468592688254 -0.3100473497489628 0.2579828247033608 5.515941083881502 -2.759288743102354 1.26890458408583
1 0.09239966826271898 -0.131564909794233 0.09364167841595922 -8.546438101206066 -3.387215279295805 -4.286499146181485
1 -0.4889640287097688 0.07229724757182893 -0.05932681061927848 -1.572742296507549 4.485312324159642 9.17951560573834
1 -0.569336022935398 0.01452456034865375 -0.3212190934797622 1.146198341112675 5.135036868408379 4.72979869953915
1 -0.2269736323294121 0.0373128222159804 -0.4593949313526466 -2.661908624312836 0.9097237663156342 -0.2524898277254498
1 0.0128458607413148 -0.1339371869531324 0.01100362384447168 -4.550149294372915 -3.445230612251376 5.513492943250893
1 0.8081936342811247 -0.6912287794095597 -0.2120121584917383 2.024290718490341 -4.923035644150382 -0.9551372612938854
1 -0.433886674437015 -0.01946879705824399 -0.3186078256606945 -8.02392264610396 -6.281210455420661 -6.492665456282612
1 -0.2882557943339009 0.09618613467371109 0.3001062952973985 -2.006379645949997 4.957051669546863 2.063034494739398
1 -0.2360811021320156 0.3552717301438212 -0.4182874792894472 -1.932042677320705 -3.800223625657036 -3.767884676729063
1 0.3659261747630085 -0.6689889530410801 -0.3382348125521119 0.6305094289190668 1.744892231047089 -4.68944049051627
1 0.610301486408936 -0.8142693479837336 0.4539551769637344 1.00579775731238 -5.799230048650363 4.020981193278925
1 -0.2567441566393692 0.5267262471992546 0.2096617050659606 -5.464402689928528 5.581491411099779 1.539163815553078
1 -0.2450816223163632 0.1870414429758605 0.2199165337634778 -4.538319524855368 -0.4045763468502545 -2.960126772991355
1 0.2306257108707799 -0.2209488237515196 0.3619882553447913 5.327966850004668 -3.319304711856551 0.5039171140442116
1 0.3507817162234701 -1.033226616723837 -0.05593404686865181 2.466331574334879 -2.349764086258407 2.10280674209507
1 1.008556558108489 2.034516789232626 -0.166547839591312 7.580148374847955 17.16040594876203 -0.9393397217016587
1 0.8164816826494202 -1.019064941037008 -0.2667927088013141 5.826031220009568 -27.77290241527491 -1.094539691293346
1 -0.4506763243088781 0.1101957224312562 0.4465491833323697 -2.959099193962325 0.6543177488903545 -0.3807739205111475
1 0.006178237212146729 -0.3362459480758271 -0.08712228468890114 -0.6219283546034022 1.894172939337938 -6.405461851504239
1 -0.527645051772811 -0.1532134120500827 -0.1824919500991733 1.593034215138246 0.4360466524447407 3.160466058177092
1 -0.4296903970378725 0.9235603363025034 -0.1737422436060089 -0.6677134445979821 2.919289560451462 0.7148587675010123
1 0.6922456061009179 -0.8825697127624116 -0.4786043189433431 1.86771949518522 -5.140739607262631 -2.973133890398501
1 0.1692794620360664 -0.471992587096581 0.03632725020098428 -2.284682567704182 2.361665689675099 0.7186760221387708
1 -0.5217824652832642 0.03284672229842308 -0.1796018289004214 -2.837266368067338 -4.642662973273755 -7.937588137002959
1 -0.240340496423791 0.4233312152618297 0.5158738070978877 -6.423801186125108 2.291547956235993 3.078474933582903
1 -0.5737426555055161 0.1235749645580757 0.4699382728035986 0.7624789863310711 1.940948757955412 4.051200854083912
1 0.388173341600439 -0.1999063659241804 1.254158961563045 2.141082756911717 -3.469083541039309 5.479354333855857
1 1.270797589792309 0.3227611011335434 -0.3757230293708386 7.654436661939128 2.176958480387811 -1.780131217867861
1 -0.2799640236326471 0.2653634027254996 -0.01031358708554113 -3.73239894756898 0.2417015886496202 -9.005717901556766
1 -0.4973948243149977 0.09206350488091471 -0.1641196897081301 -8.348182507033137 5.179918212357761 -10.66062906990486
1 -0.3245085589410091 -0.9155468341468452 0.5550922763119586 -0.09532085279363624 -3.984639140658215 3.963575211783722
1 -0.6072242328998747 0.5632288442900386 -0.1312270798083288 -1.720200834047697 6.034935754604405 5.052128377927031
1 0.4534742415791346 -0.6554361784819064 -0.3104727144326409 -1.266402931275205 -0.9956803596939992 -2.042677684514038
1 -0.5505545240703261 0.2551568755362987 0.4382534338601454 0.3149319025827376 -1.073510159867907 -3.627995910554169
1 1.713609630694542 -0.9322329766200583 -0.5015477764631353 11.53733888241319 -6.885097297744564 -5.423312324885692
1 -0.3540793026158316 0.3467082214234463 0.3694962202292625 -7.943903587882654 -2.168422836624314 0.36329300950181
1 -0.1447956446940953 -0.05834234845797055 -0.1385859337770105 1.46600768423193 -1.0304617275694 -1.016161990941045
1 0.2037013173433871 -0.1311786530221609 -0.1552446424775745 2.093781322521915 -0.8395308415234602 1.797860492361039
1 -0.3017393881582529 0.01476295392179931 0.7153056666041091 -3.712138628509937 -2.279822364345011 2.987634663213551
1 0.8493278949913908 0.1124246309958603 -0.7958098905100915 -1.370709368563051 -2.825966576425774 -4.083406938042037
1 1.371314086665913 0.1831023604006331 -0.008371904529748699 7.654438255054345 0.273286303509471 -1.230831015455954
1 0.8875908971382989 0.08604519126228646 -0.7665357944642994 5.376416117480231 3.457499013114264 -2.345328529342736
1 0.8262060006240847 -1.027342399112635 -0.2699428953457117 6.155572013712722 -6.683264903399566 -9.276675291115556
1 -0.5807094413832093 0.185988702049132 -0.205789727872391 6.093586199658673 0.07963221692488517 4.854924111181604
1 0.03581190783660791 -0.3573256486450166 -0.1970534529205457 10.88318737336362 1.668846524897165 0.8981551338698525
1 -0.2825935046714357 0.4253583066491006 0.4031260883671129 -6.57611966318619 1.677276128520403 1.479307551272522
1 -0.3889424629240121 0.2041659033152897 -0.1433467888068339 -3.172905245883462 -2.781388207403609 -1.180174310637828
1 0.4956161805970161 -0.2912500629739052 -0.6170842075852739 3.265779432713385 -1.165465260597367 -4.28455927668335
1 -0.1503266274321066 -0.1344980039281078 -0.1493557127137738 -3.971033788868779 -1.284413631495617 -6.33785260308501
1 -0.4128717418946309 -0.5079272160621303 0.01090993348693192 -8.510167102583669 -0.07356294253476499 -0.4347437871500855
1 0.105191179619824 -0.365219270348616 0.1937864598224994 -2.254908693567856 1.508727118064326 -0.6495868012847994
1 -0.04008440114273615 -0.08553084338778501 0.01375479359749406 2.074557377831347 -4.642244208340593 1.106732586331416
1 0.2830479037893826 -0.2602954914720887 0.1899408157998224 -1.845685482815963 -0.02464493092004826 -4.566144131462568
1 0.8922436640490352 -0.8069948009601433 0.08579798682301744 4.094823291897256 -3.831025441714417 3.839743824220248
1 -0.4287259308741019 -0.02577857354658148 -0.3117825054715597 5.205250001391527 4.824785877304059 7.612389091814538
1 -0.4428760295210049 -0.1108189126471186 0.01391441006899403 -1.833670740373967 -2.283366451452942 6.766265416868156
1 -0.8720797434659772 0.5285014485686795 -0.01148205532952678 -4.030811507378405 -0.6796844717300267 -4.254450840238817
1 -0.4610787209318457 -0.01706137969765373 -0.149322149548119 -3.763160978107233 2.295948960003766 5.102746454647228
1 0.5218157607481001 1.204290545438819 -0.4247448681254337 5.082722557462583 13.33016589176367 -3.468985802406654
1 -0.101481685875156 -0.3573075200914818 -0.1612140069853688 -4.748923940019524 -5.598914893827472 -2.564430889384711
1 0.8189606364740822 -1.020682291294639 -0.2659367370528561 3.648205473002867 9.69573862017886 9.415933100428733
1 -0.4876023376605884 0.2939858192426624 0.1082982079775525 -2.998765351122158 3.318927472097724 5.972689367161051
1 -0.434822533649055 0.4842725842388976 1.246039186226239 -4.157711743120101 6.577577749746466 6.711279226701187
1 -0.328881236249631 0.1435178403895918 -0.230319551204544 -6.294430088804932 3.440532171025514 0.6535514924085194
1 1.471002092705964 -0.766749508877358 -0.2296115490854442 10.8181523586772 -3.806690320376726 -4.448236537430656
1 0.6953414401244891 -0.8942205512137499 -0.4273010146857821 1.374087777292871 -2.227787287754849 4.137492984529816
1 -0.1756442418466968 0.3157561929256979 -0.3117816109538478 -4.430782632615172 2.482250729718393 2.573270895870901
1 -0.4739273678556196 0.564192064543994 1.107829580674619 -5.190408363164059 0.889249884569005 7.127582529302136
1 0.8591387299179084 0.01815618063288738 -0.4389351041750533 -4.665653432838845 2.11754087768238 -7.356142902052438
80
0.6000836294708096
1 -0.4435509251568931 0.3942563016683642 0.07623314489082668 -3.04311598030027 -3.178258075844041 4.358216808633347
1 -0.5297365960668825 0.3946353989253782 0.1753171523227952 -3.55700035211181 4.160357706654187 -5.631274172014746
1 0.6791439185428243 0.008319952984760959 -1.000296741654546 3.354983418327711 -0.4365124859888402 1.699565921489782
1 1.970001277118031 0.3530360814991251 0.9435989692948717 4.566276222098701 2.808295601169932 1.964632202811439
1 0.6855253630249788 0.296337829090254 -0.8591239527623772 0.1853036186071088 -1.894276926359178 -0.6514135812834596
1 -0.4710728523737444 0.4958708681866228 0.4133202518725151 -4.08333777391938 0.4712700298591205 2.035406927374273
1 -0.4192075655564032 -0.1152827360252897 0.3064375055971874 -6.297774579087815 0.3698901351013257 -1.916869489093777
1 0.6859491399962941 -0.3569290063470011 0.4762271880515445 1.465588650197387 -0.6147831136195648 -2.078185898843278
1 -0.9516238908631942 0.4980617179308318 -0.1457231638227441 3.196102584682822 -2.705555190856846 -3.915527689157433
1 -0.2968001029923327 0.06644223828763193 -0.216440123947443 -0.5633089703542303 -6.780859885126706 3.121673301292438
1 1.652382722035626 -0.5826182839872601 0.334180855649873 3.373791918727211 -2.675258429336672 0.3823379590379718
1 -0.480224393441655 0.003021114325603188 -0.2002493674302359 -1.99782761579849 5.328372198801833 -0.7448946662755099
1 -0.5771803525530663 0.3771639308349261 0.2672166890817285 -5.482531864526593 -3.560900053362948 -5.296283564394673
1 -0.1885088313782137 0.1814716616644582 -0.1206089139204529 -2.083895299411937 -2.202522165997971 4.32901632359773
1 -0.6303578323394299 0.1589118090478866 0.1835921111336713 -2.631499384808928 0.1683370274152435 10.55131485715425
1 -0.2634378909904981 -0.04017319391601088 -0.1755266501525248 -6.511130684888046 4.107554766081879 -3.366072745293895
1 0.7545042402405011 -1.195357393372309 -0.2582675783821942 -0.3732839773041592 -4.249879038276458 0.7952601126923813
1 -0.5097398308521435 0.09588946005420279 -0.01952629209213512 4.490816064316098 5.702616656047397 4.337566632042313
1 -0.5402595148917445 0.3622814994919294 0.2563142950076223 4.538823798990136 1.656187239565402 -0.560372926326338
1 -0.4307821236954248 -0.05444239915596734 -0.01747444982116246 2.033990914171469 2.658022189730859 7.268930680328733
1 0.2825442926946492 -0.5085333574973592 -0.5591695051692529 -0.5813718734123682 4.214443585560411 -2.398412561201509
1 0.6564517274716211 -1.288037533347064 0.7353124340411848 0.1040270915755832 -3.857776942883743 1.857295562822617
1 -0.8323340025432082 0.6281484711138242 0.2705130626171283 -3.860718295807612 -2.626197914385173 -0.6239471679383348
1 -0.6293442367845387 -0.02159636836651792 -0.3968178306732345 1.035299517275812 -0.2343258665909733 -5.123749926485335
1 0.6029277935602583 -0.505070731666552 0.2128758502552549 2.513019251359607 -2.109619542621458 -2.336101826867834
1 0.6196093889939871 -1.091043518718373 0.0967162420404488 2.798417837283242 0.6418898196098225 0.8923474454239402
1 1.747385651586841 3.710607812374159 -0.2593614957678336 7.245905124174683 16.4607168113739 -0.9201425990492643
1 1.537383806720888 -1.81086462972518 -0.3531006315775587 5.504584448107893 -6.512882493756301 -0.7109330144119229
1 -0.5929473568514506 0.1766866817023539 0.01250634325194025 6.154648653236743 -1.554883152170786 -2.616057738036909
1 -0.2705550126502434 0.06719291943228363 -0.3615924368879818 -6.245655000828183 4.145537888785546 3.686233761878332
1 -0.4560344188460059 0.4154029783308743 0.06314982749594958 -2.225356176431081 6.680660595468032 1.650023024403972
1 -0.4930906533304011 0.9312342394750811 -0.03139344320539216 -0.7102510172837414 -2.798576771615402 2.151195401483498
1 0.8589952089255571 -1.219546535747615 -0.2610443531530589 1.314476483864223 -0.1953364013732439 5.204365207307156
1 -0.3622917252963005 -0.09289276180379992 -0.3114873768793838 -6.965244651863962 1.682477004017999 -2.582335477116201
1 -0.2777589659515468 -0.06325194847777513 -0.1658529949520378 5.429987226900584 -3.703546073304448 8.874414469547505
1 -0.812888977667925 0.1270015333460407 0.1214740694885509 0.9005363292418223 -7.202580599534254 -8.887102045583569
1 -0.6329081743713184 0.3554059447919813 0.03987580313333727 -1.527480932186157 -2.665683893427621 -4.246105826292146
1 0.5636046926073892 -0.5319388283012842 1.688545653094629 1.445104762041337 -3.168649007346794 3.440963672140277
1 1.935754120401077 0.4780531061166234 -0.5205107961959674 5.889941510675999 1.070089307656353 -1.145244119191717
1 -0.6648353916206554 -0.1360842173995484 -0.6456292890494036 -1.73791295841048 -2.195511378878971 -1.8298852231184
1 -0.6149971439596711 0.03468032721838746 -0.5471661880406712 3.155360472973079 -2.679115130702812 1.340795811620675
1 -0.2927979467335171 -1.177944963624499 0.8546514702416501 0.5873551774237366 -1.505629782609971 2.149704260529063
1 -0.6355807492295021 0.7294676346420221 0.4281225181395242 0.4859081791023405 -3.403540093059428 4.966729873735652
1 0.3688880590704185 -0.4958007364377393 -0.531594639397736 -2.476097252574314 1.232296614329072 0.07138381456010974
1 -0.5194139140447547 0.3781105718996622 0.1599167405840984 5.559179295820297 4.166532323622728 -6.775880641422402
1 2.786407448067222 -1.57991121635095 -1.007583222354796 10.1651254091862 -6.161153140891745 -4.792622700888282
1 -0.5571785932423601 0.2613743173324801 0.2019177527530344 2.487802584190301 -1.161225213988028 -1.262406113266225
1 -0.2163590252247797 -0.1065958877503465 -0.2483779864173215 -3.595651116022221 7.079872163394215 -3.526507443603489
1 -0.05683954117742988 -0.3327762163146965 0.09655361546044823 -6.616671210539097 -0.907027143829724 1.500858477548364
1 -0.660739179436245 -0.09279910432094622 0.6568198296321814 -2.981671117439285 0.3309419012618023 -4.08146351878567
1 0.7676158669431338 -0.1280462852388576 -0.953961369185278 -2.385900155463346 -1.933118753733594 -0.5166080556519176
1 2.029085709119835 0.1799514633869704 -0.1563323820232165 5.716671027813191 -0.1968873096270023 -1.653822727010615
1 1.051313677355186 0.3317492509911587 -0.9958391014597189 -0.03380259596548819 1.60753026021326 -1.54926917427273
1 1.071438530625999 -1.579168767089689 -0.2801010973660272 3.540103483012958 -2.512925594452986 0.8789171148835059
1 -0.1443602531577307 -0.311123218002312 -0.1444551320101602 -3.553036843715677 -4.836947514580134 0.9342801423575973
1 0.7453912539193323 -0.03661015958460268 0.09249664857054134 4.631206167587081 3.169663343633563 3.127632760326285
1 -0.582295638694578 0.1088122168887199 0.1460921370859151 4.622989511284103 -1.649911915812337 -8.966453885561283
1 -0.4185925887059995 -0.04967745213491357 -0.1628928686374552 2.253874648649735 -4.066780623197396 -1.640782894258978
1 0.7286202000696769 -0.3507467591755121 -0.8960138927321553 1.45664375009662 0.3124336961110401 -1.720683843853299
1 -0.6830114946576403 0.09910476270987761 -0.3442200292851447 -5.808421526867256 1.359481945012806 2.249664384991132
1 -1.007906682818196 -0.1711737251364789 -0.06246935398383601 -2.786728885916707 6.059744622954631 -0.6938755009569043
1 -0.2371055589222133 0.09020659926669077 -0.1056588401555151 -8.086058803829889 5.491171602730804 -5.602659777205069
1 -0.424114723728862 -0.7747156867715059 0.2830275630338638 -4.308201912243581 -4.052288297222292 1.372520571518382
1 -0.4182049652708626 -0.02479203071621093 -0.1907784661469185 -11.188457497701 9.173779118265321 1.682812076847523
1 1.173430467975584 -1.12542306614976 0.3680400543034843 1.792896644075893 -2.641002906352677 2.073374305437845
1 -0.62967311094747 0.3035691843736024 0.6005681350288131 -3.624888071919275 -3.025300334283725 6.077355415045989
1 -0.4857729956293497 0.1605586077674996 0.2557221100986576 -1.197141426817216 6.762569186272123 -2.498571005785411
1 -0.9478249936321186 0.2927708092874099 -0.3077038357925829 2.471969744948014 -3.639239485525598 -1.009477803939024
1 -0.3483017607406536 0.2564707997265189 0.2199989364639107 -0.3065368170605605 -0.2138061143028073 6.27487539207564
1 0.9974159104899397 2.460638325620047 -0.7495100405900267 4.538084278749003 12.03363897371682 -3.092127748453422
1 -0.4391104779016427 -0.4314325884071444 -0.2334213106484588 -2.378144738482936 3.844329839765647 0.7470638866108652
1 1.058718938239652 -1.571943508719878 -0.2701595662332787 0.4368435543924672 -5.584994329334464 -0.8448806785306742
1 -0.6416926533252517 0.1680647026052646 0.4327272410253302 -0.4233850839365553 -2.33838213279699 -4.307717003461417
1 -0.8907840750114838 1.022968677804569 1.671429970682972 -4.566839135254614 4.176189575487402 3.140877981314105
1 -0.4448192590227405 -0.09524110089644282 0.3301645693625602 4.676756936484264 0.5692213204728149 4.184889635090851
1 2.460015256157998 -1.128014695404531 -0.670064217632107 9.252731543552049 -3.488473190451411 -4.319749904218071
1 0.931344652962916 -1.173076576931859 -0.288297606390631 1.175213419043338 -5.555451180763561 -1.125070717903289
1 -0.6576540635364295 -0.03376669160389682 0.2148155662710053 -0.7509658757970776 -3.275189219086649 6.30978798061409
1 -0.8967541991333458 0.6644547029878655 1.81240838148481 -3.718776116013639 1.401076869328118 6.278848397931589
1 0.3221681666585978 0.1785941246698398 -1.164630183067927 -5.282267681945921 0.8555728897920287 -6.401589157496439
